"scenario" "n" "p" "s0" "SNR" "corDesign" "rho" "pB" "s0B"
1 100 1000 10 0.5 "Independence" 0 0 0
2 100 1000 10 1 "Independence" 0 0 0
3 100 1000 10 1 "Pairwise" 0.5 100 1
4 100 1000 10 1 "Pairwise" 0.5 100 2
5 100 1000 10 1 "Pairwise" 0.5 100 5
6 100 1000 10 1 "Pairwise" 0.5 10 1
7 100 1000 10 1 "Pairwise" 0.5 10 2
8 100 1000 10 1 "Pairwise" 0.5 10 5
9 100 1000 10 1 "Pairwise" 0.7 100 1
10 100 1000 10 1 "Pairwise" 0.7 100 2
11 100 1000 10 1 "Pairwise" 0.7 100 5
12 100 1000 10 1 "Pairwise" 0.7 10 1
13 100 1000 10 1 "Pairwise" 0.7 10 2
14 100 1000 10 1 "Pairwise" 0.7 10 5
15 100 1000 10 1 "Pairwise" 0.9 100 1
16 100 1000 10 1 "Pairwise" 0.9 100 2
17 100 1000 10 1 "Pairwise" 0.9 100 5
18 100 1000 10 1 "Pairwise" 0.9 10 1
19 100 1000 10 1 "Pairwise" 0.9 10 2
20 100 1000 10 1 "Pairwise" 0.9 10 5
21 100 1000 10 1 "Toeplitz" 0.7 100 2
22 100 1000 10 2 "Independence" 0 0 0
23 100 1000 10 2 "Pairwise" 0.5 100 1
24 100 1000 10 2 "Pairwise" 0.5 100 2
25 100 1000 10 2 "Pairwise" 0.5 100 5
26 100 1000 10 2 "Pairwise" 0.5 10 1
27 100 1000 10 2 "Pairwise" 0.5 10 2
28 100 1000 10 2 "Pairwise" 0.5 10 5
29 100 1000 10 2 "Pairwise" 0.7 100 1
30 100 1000 10 2 "Pairwise" 0.7 100 2
31 100 1000 10 2 "Pairwise" 0.7 100 5
32 100 1000 10 2 "Pairwise" 0.7 10 1
33 100 1000 10 2 "Pairwise" 0.7 10 2
34 100 1000 10 2 "Pairwise" 0.7 10 5
35 100 1000 10 2 "Pairwise" 0.9 100 1
36 100 1000 10 2 "Pairwise" 0.9 100 2
37 100 1000 10 2 "Pairwise" 0.9 100 5
38 100 1000 10 2 "Pairwise" 0.9 10 1
39 100 1000 10 2 "Pairwise" 0.9 10 2
40 100 1000 10 2 "Pairwise" 0.9 10 5
41 100 1000 10 2 "Toeplitz" 0.7 100 2
42 100 1000 10 4 "Independence" 0 0 0
43 100 1000 10 4 "Pairwise" 0.5 100 1
44 100 1000 10 4 "Pairwise" 0.5 100 2
45 100 1000 10 4 "Pairwise" 0.5 100 5
46 100 1000 10 4 "Pairwise" 0.5 10 1
47 100 1000 10 4 "Pairwise" 0.5 10 2
48 100 1000 10 4 "Pairwise" 0.5 10 5
49 100 1000 10 4 "Pairwise" 0.7 100 1
50 100 1000 10 4 "Pairwise" 0.7 100 2
51 100 1000 10 4 "Pairwise" 0.7 100 5
52 100 1000 10 4 "Pairwise" 0.7 10 1
53 100 1000 10 4 "Pairwise" 0.7 10 2
54 100 1000 10 4 "Pairwise" 0.7 10 5
55 100 1000 10 4 "Pairwise" 0.9 100 1
56 100 1000 10 4 "Pairwise" 0.9 100 2
57 100 1000 10 4 "Pairwise" 0.9 100 5
58 100 1000 10 4 "Pairwise" 0.9 10 1
59 100 1000 10 4 "Pairwise" 0.9 10 2
60 100 1000 10 4 "Pairwise" 0.9 10 5
61 100 1000 10 4 "Toeplitz" 0.7 100 2
62 100 1000 20 0.5 "Independence" 0 0 0
63 100 1000 20 1 "Independence" 0 0 0
64 100 1000 20 1 "Pairwise" 0.5 100 2
65 100 1000 20 1 "Pairwise" 0.5 100 5
66 100 1000 20 1 "Pairwise" 0.5 10 1
67 100 1000 20 1 "Pairwise" 0.5 10 2
68 100 1000 20 1 "Pairwise" 0.5 10 5
69 100 1000 20 1 "Pairwise" 0.7 100 2
70 100 1000 20 1 "Pairwise" 0.7 100 5
71 100 1000 20 1 "Pairwise" 0.7 10 1
72 100 1000 20 1 "Pairwise" 0.7 10 2
73 100 1000 20 1 "Pairwise" 0.7 10 5
74 100 1000 20 1 "Pairwise" 0.9 100 2
75 100 1000 20 1 "Pairwise" 0.9 100 5
76 100 1000 20 1 "Pairwise" 0.9 10 1
77 100 1000 20 1 "Pairwise" 0.9 10 2
78 100 1000 20 1 "Pairwise" 0.9 10 5
79 100 1000 20 1 "Toeplitz" 0.7 100 2
80 100 1000 20 2 "Independence" 0 0 0
81 100 1000 20 2 "Pairwise" 0.5 100 2
82 100 1000 20 2 "Pairwise" 0.5 100 5
83 100 1000 20 2 "Pairwise" 0.5 10 1
84 100 1000 20 2 "Pairwise" 0.5 10 2
85 100 1000 20 2 "Pairwise" 0.5 10 5
86 100 1000 20 2 "Pairwise" 0.7 100 2
87 100 1000 20 2 "Pairwise" 0.7 100 5
88 100 1000 20 2 "Pairwise" 0.7 10 1
89 100 1000 20 2 "Pairwise" 0.7 10 2
90 100 1000 20 2 "Pairwise" 0.7 10 5
91 100 1000 20 2 "Pairwise" 0.9 100 2
92 100 1000 20 2 "Pairwise" 0.9 100 5
93 100 1000 20 2 "Pairwise" 0.9 10 1
94 100 1000 20 2 "Pairwise" 0.9 10 2
95 100 1000 20 2 "Pairwise" 0.9 10 5
96 100 1000 20 2 "Toeplitz" 0.7 100 2
97 100 1000 20 4 "Independence" 0 0 0
98 100 1000 20 4 "Pairwise" 0.5 100 2
99 100 1000 20 4 "Pairwise" 0.5 100 5
100 100 1000 20 4 "Pairwise" 0.5 10 1
101 100 1000 20 4 "Pairwise" 0.5 10 2
102 100 1000 20 4 "Pairwise" 0.5 10 5
103 100 1000 20 4 "Pairwise" 0.7 100 2
104 100 1000 20 4 "Pairwise" 0.7 100 5
105 100 1000 20 4 "Pairwise" 0.7 10 1
106 100 1000 20 4 "Pairwise" 0.7 10 2
107 100 1000 20 4 "Pairwise" 0.7 10 5
108 100 1000 20 4 "Pairwise" 0.9 100 2
109 100 1000 20 4 "Pairwise" 0.9 100 5
110 100 1000 20 4 "Pairwise" 0.9 10 1
111 100 1000 20 4 "Pairwise" 0.9 10 2
112 100 1000 20 4 "Pairwise" 0.9 10 5
113 100 1000 20 4 "Toeplitz" 0.7 100 2
114 100 1000 40 0.5 "Independence" 0 0 0
115 100 1000 40 1 "Independence" 0 0 0
116 100 1000 40 1 "Pairwise" 0.5 100 5
117 100 1000 40 1 "Pairwise" 0.5 10 1
118 100 1000 40 1 "Pairwise" 0.5 10 2
119 100 1000 40 1 "Pairwise" 0.5 10 5
120 100 1000 40 1 "Pairwise" 0.7 100 5
121 100 1000 40 1 "Pairwise" 0.7 10 1
122 100 1000 40 1 "Pairwise" 0.7 10 2
123 100 1000 40 1 "Pairwise" 0.7 10 5
124 100 1000 40 1 "Pairwise" 0.9 100 5
125 100 1000 40 1 "Pairwise" 0.9 10 1
126 100 1000 40 1 "Pairwise" 0.9 10 2
127 100 1000 40 1 "Pairwise" 0.9 10 5
128 100 1000 40 2 "Independence" 0 0 0
129 100 1000 40 2 "Pairwise" 0.5 100 5
130 100 1000 40 2 "Pairwise" 0.5 10 1
131 100 1000 40 2 "Pairwise" 0.5 10 2
132 100 1000 40 2 "Pairwise" 0.5 10 5
133 100 1000 40 2 "Pairwise" 0.7 100 5
134 100 1000 40 2 "Pairwise" 0.7 10 1
135 100 1000 40 2 "Pairwise" 0.7 10 2
136 100 1000 40 2 "Pairwise" 0.7 10 5
137 100 1000 40 2 "Pairwise" 0.9 100 5
138 100 1000 40 2 "Pairwise" 0.9 10 1
139 100 1000 40 2 "Pairwise" 0.9 10 2
140 100 1000 40 2 "Pairwise" 0.9 10 5
141 100 1000 40 4 "Independence" 0 0 0
142 100 1000 40 4 "Pairwise" 0.5 100 5
143 100 1000 40 4 "Pairwise" 0.5 10 1
144 100 1000 40 4 "Pairwise" 0.5 10 2
145 100 1000 40 4 "Pairwise" 0.5 10 5
146 100 1000 40 4 "Pairwise" 0.7 100 5
147 100 1000 40 4 "Pairwise" 0.7 10 1
148 100 1000 40 4 "Pairwise" 0.7 10 2
149 100 1000 40 4 "Pairwise" 0.7 10 5
150 100 1000 40 4 "Pairwise" 0.9 100 5
151 100 1000 40 4 "Pairwise" 0.9 10 1
152 100 1000 40 4 "Pairwise" 0.9 10 2
153 100 1000 40 4 "Pairwise" 0.9 10 5
154 100 2000 10 0.5 "Independence" 0 0 0
155 100 2000 10 1 "Independence" 0 0 0
156 100 2000 10 1 "Pairwise" 0.5 100 1
157 100 2000 10 1 "Pairwise" 0.5 100 2
158 100 2000 10 1 "Pairwise" 0.5 100 5
159 100 2000 10 1 "Pairwise" 0.5 10 1
160 100 2000 10 1 "Pairwise" 0.5 10 2
161 100 2000 10 1 "Pairwise" 0.5 10 5
162 100 2000 10 1 "Pairwise" 0.7 100 1
163 100 2000 10 1 "Pairwise" 0.7 100 2
164 100 2000 10 1 "Pairwise" 0.7 100 5
165 100 2000 10 1 "Pairwise" 0.7 10 1
166 100 2000 10 1 "Pairwise" 0.7 10 2
167 100 2000 10 1 "Pairwise" 0.7 10 5
168 100 2000 10 1 "Pairwise" 0.9 100 1
169 100 2000 10 1 "Pairwise" 0.9 100 2
170 100 2000 10 1 "Pairwise" 0.9 100 5
171 100 2000 10 1 "Pairwise" 0.9 10 1
172 100 2000 10 1 "Pairwise" 0.9 10 2
173 100 2000 10 1 "Pairwise" 0.9 10 5
174 100 2000 10 1 "Toeplitz" 0.7 100 2
175 100 2000 10 2 "Independence" 0 0 0
176 100 2000 10 2 "Pairwise" 0.5 100 1
177 100 2000 10 2 "Pairwise" 0.5 100 2
178 100 2000 10 2 "Pairwise" 0.5 100 5
179 100 2000 10 2 "Pairwise" 0.5 10 1
180 100 2000 10 2 "Pairwise" 0.5 10 2
181 100 2000 10 2 "Pairwise" 0.5 10 5
182 100 2000 10 2 "Pairwise" 0.7 100 1
183 100 2000 10 2 "Pairwise" 0.7 100 2
184 100 2000 10 2 "Pairwise" 0.7 100 5
185 100 2000 10 2 "Pairwise" 0.7 10 1
186 100 2000 10 2 "Pairwise" 0.7 10 2
187 100 2000 10 2 "Pairwise" 0.7 10 5
188 100 2000 10 2 "Pairwise" 0.9 100 1
189 100 2000 10 2 "Pairwise" 0.9 100 2
190 100 2000 10 2 "Pairwise" 0.9 100 5
191 100 2000 10 2 "Pairwise" 0.9 10 1
192 100 2000 10 2 "Pairwise" 0.9 10 2
193 100 2000 10 2 "Pairwise" 0.9 10 5
194 100 2000 10 2 "Toeplitz" 0.7 100 2
195 100 2000 10 4 "Independence" 0 0 0
196 100 2000 10 4 "Pairwise" 0.5 100 1
197 100 2000 10 4 "Pairwise" 0.5 100 2
198 100 2000 10 4 "Pairwise" 0.5 100 5
199 100 2000 10 4 "Pairwise" 0.5 10 1
200 100 2000 10 4 "Pairwise" 0.5 10 2
201 100 2000 10 4 "Pairwise" 0.5 10 5
202 100 2000 10 4 "Pairwise" 0.7 100 1
203 100 2000 10 4 "Pairwise" 0.7 100 2
204 100 2000 10 4 "Pairwise" 0.7 100 5
205 100 2000 10 4 "Pairwise" 0.7 10 1
206 100 2000 10 4 "Pairwise" 0.7 10 2
207 100 2000 10 4 "Pairwise" 0.7 10 5
208 100 2000 10 4 "Pairwise" 0.9 100 1
209 100 2000 10 4 "Pairwise" 0.9 100 2
210 100 2000 10 4 "Pairwise" 0.9 100 5
211 100 2000 10 4 "Pairwise" 0.9 10 1
212 100 2000 10 4 "Pairwise" 0.9 10 2
213 100 2000 10 4 "Pairwise" 0.9 10 5
214 100 2000 10 4 "Toeplitz" 0.7 100 2
215 100 2000 20 0.5 "Independence" 0 0 0
216 100 2000 20 1 "Independence" 0 0 0
217 100 2000 20 1 "Pairwise" 0.5 100 1
218 100 2000 20 1 "Pairwise" 0.5 100 2
219 100 2000 20 1 "Pairwise" 0.5 100 5
220 100 2000 20 1 "Pairwise" 0.5 10 1
221 100 2000 20 1 "Pairwise" 0.5 10 2
222 100 2000 20 1 "Pairwise" 0.5 10 5
223 100 2000 20 1 "Pairwise" 0.7 100 1
224 100 2000 20 1 "Pairwise" 0.7 100 2
225 100 2000 20 1 "Pairwise" 0.7 100 5
226 100 2000 20 1 "Pairwise" 0.7 10 1
227 100 2000 20 1 "Pairwise" 0.7 10 2
228 100 2000 20 1 "Pairwise" 0.7 10 5
229 100 2000 20 1 "Pairwise" 0.9 100 1
230 100 2000 20 1 "Pairwise" 0.9 100 2
231 100 2000 20 1 "Pairwise" 0.9 100 5
232 100 2000 20 1 "Pairwise" 0.9 10 1
233 100 2000 20 1 "Pairwise" 0.9 10 2
234 100 2000 20 1 "Pairwise" 0.9 10 5
235 100 2000 20 1 "Toeplitz" 0.7 100 2
236 100 2000 20 2 "Independence" 0 0 0
237 100 2000 20 2 "Pairwise" 0.5 100 1
238 100 2000 20 2 "Pairwise" 0.5 100 2
239 100 2000 20 2 "Pairwise" 0.5 100 5
240 100 2000 20 2 "Pairwise" 0.5 10 1
241 100 2000 20 2 "Pairwise" 0.5 10 2
242 100 2000 20 2 "Pairwise" 0.5 10 5
243 100 2000 20 2 "Pairwise" 0.7 100 1
244 100 2000 20 2 "Pairwise" 0.7 100 2
245 100 2000 20 2 "Pairwise" 0.7 100 5
246 100 2000 20 2 "Pairwise" 0.7 10 1
247 100 2000 20 2 "Pairwise" 0.7 10 2
248 100 2000 20 2 "Pairwise" 0.7 10 5
249 100 2000 20 2 "Pairwise" 0.9 100 1
250 100 2000 20 2 "Pairwise" 0.9 100 2
251 100 2000 20 2 "Pairwise" 0.9 100 5
252 100 2000 20 2 "Pairwise" 0.9 10 1
253 100 2000 20 2 "Pairwise" 0.9 10 2
254 100 2000 20 2 "Pairwise" 0.9 10 5
255 100 2000 20 2 "Toeplitz" 0.7 100 2
256 100 2000 20 4 "Independence" 0 0 0
257 100 2000 20 4 "Pairwise" 0.5 100 1
258 100 2000 20 4 "Pairwise" 0.5 100 2
259 100 2000 20 4 "Pairwise" 0.5 100 5
260 100 2000 20 4 "Pairwise" 0.5 10 1
261 100 2000 20 4 "Pairwise" 0.5 10 2
262 100 2000 20 4 "Pairwise" 0.5 10 5
263 100 2000 20 4 "Pairwise" 0.7 100 1
264 100 2000 20 4 "Pairwise" 0.7 100 2
265 100 2000 20 4 "Pairwise" 0.7 100 5
266 100 2000 20 4 "Pairwise" 0.7 10 1
267 100 2000 20 4 "Pairwise" 0.7 10 2
268 100 2000 20 4 "Pairwise" 0.7 10 5
269 100 2000 20 4 "Pairwise" 0.9 100 1
270 100 2000 20 4 "Pairwise" 0.9 100 2
271 100 2000 20 4 "Pairwise" 0.9 100 5
272 100 2000 20 4 "Pairwise" 0.9 10 1
273 100 2000 20 4 "Pairwise" 0.9 10 2
274 100 2000 20 4 "Pairwise" 0.9 10 5
275 100 2000 20 4 "Toeplitz" 0.7 100 2
276 100 2000 40 0.5 "Independence" 0 0 0
277 100 2000 40 1 "Independence" 0 0 0
278 100 2000 40 1 "Pairwise" 0.5 100 2
279 100 2000 40 1 "Pairwise" 0.5 100 5
280 100 2000 40 1 "Pairwise" 0.5 10 1
281 100 2000 40 1 "Pairwise" 0.5 10 2
282 100 2000 40 1 "Pairwise" 0.5 10 5
283 100 2000 40 1 "Pairwise" 0.7 100 2
284 100 2000 40 1 "Pairwise" 0.7 100 5
285 100 2000 40 1 "Pairwise" 0.7 10 1
286 100 2000 40 1 "Pairwise" 0.7 10 2
287 100 2000 40 1 "Pairwise" 0.7 10 5
288 100 2000 40 1 "Pairwise" 0.9 100 2
289 100 2000 40 1 "Pairwise" 0.9 100 5
290 100 2000 40 1 "Pairwise" 0.9 10 1
291 100 2000 40 1 "Pairwise" 0.9 10 2
292 100 2000 40 1 "Pairwise" 0.9 10 5
293 100 2000 40 1 "Toeplitz" 0.7 100 2
294 100 2000 40 2 "Independence" 0 0 0
295 100 2000 40 2 "Pairwise" 0.5 100 2
296 100 2000 40 2 "Pairwise" 0.5 100 5
297 100 2000 40 2 "Pairwise" 0.5 10 1
298 100 2000 40 2 "Pairwise" 0.5 10 2
299 100 2000 40 2 "Pairwise" 0.5 10 5
300 100 2000 40 2 "Pairwise" 0.7 100 2
301 100 2000 40 2 "Pairwise" 0.7 100 5
302 100 2000 40 2 "Pairwise" 0.7 10 1
303 100 2000 40 2 "Pairwise" 0.7 10 2
304 100 2000 40 2 "Pairwise" 0.7 10 5
305 100 2000 40 2 "Pairwise" 0.9 100 2
306 100 2000 40 2 "Pairwise" 0.9 100 5
307 100 2000 40 2 "Pairwise" 0.9 10 1
308 100 2000 40 2 "Pairwise" 0.9 10 2
309 100 2000 40 2 "Pairwise" 0.9 10 5
310 100 2000 40 2 "Toeplitz" 0.7 100 2
311 100 2000 40 4 "Independence" 0 0 0
312 100 2000 40 4 "Pairwise" 0.5 100 2
313 100 2000 40 4 "Pairwise" 0.5 100 5
314 100 2000 40 4 "Pairwise" 0.5 10 1
315 100 2000 40 4 "Pairwise" 0.5 10 2
316 100 2000 40 4 "Pairwise" 0.5 10 5
317 100 2000 40 4 "Pairwise" 0.7 100 2
318 100 2000 40 4 "Pairwise" 0.7 100 5
319 100 2000 40 4 "Pairwise" 0.7 10 1
320 100 2000 40 4 "Pairwise" 0.7 10 2
321 100 2000 40 4 "Pairwise" 0.7 10 5
322 100 2000 40 4 "Pairwise" 0.9 100 2
323 100 2000 40 4 "Pairwise" 0.9 100 5
324 100 2000 40 4 "Pairwise" 0.9 10 1
325 100 2000 40 4 "Pairwise" 0.9 10 2
326 100 2000 40 4 "Pairwise" 0.9 10 5
327 100 2000 40 4 "Toeplitz" 0.7 100 2
328 100 4000 10 0.5 "Independence" 0 0 0
329 100 4000 10 1 "Independence" 0 0 0
330 100 4000 10 1 "Pairwise" 0.5 100 1
331 100 4000 10 1 "Pairwise" 0.5 100 2
332 100 4000 10 1 "Pairwise" 0.5 100 5
333 100 4000 10 1 "Pairwise" 0.5 10 1
334 100 4000 10 1 "Pairwise" 0.5 10 2
335 100 4000 10 1 "Pairwise" 0.5 10 5
336 100 4000 10 1 "Pairwise" 0.7 100 1
337 100 4000 10 1 "Pairwise" 0.7 100 2
338 100 4000 10 1 "Pairwise" 0.7 100 5
339 100 4000 10 1 "Pairwise" 0.7 10 1
340 100 4000 10 1 "Pairwise" 0.7 10 2
341 100 4000 10 1 "Pairwise" 0.7 10 5
342 100 4000 10 1 "Pairwise" 0.9 100 1
343 100 4000 10 1 "Pairwise" 0.9 100 2
344 100 4000 10 1 "Pairwise" 0.9 100 5
345 100 4000 10 1 "Pairwise" 0.9 10 1
346 100 4000 10 1 "Pairwise" 0.9 10 2
347 100 4000 10 1 "Pairwise" 0.9 10 5
348 100 4000 10 1 "Toeplitz" 0.7 100 2
349 100 4000 10 2 "Independence" 0 0 0
350 100 4000 10 2 "Pairwise" 0.5 100 1
351 100 4000 10 2 "Pairwise" 0.5 100 2
352 100 4000 10 2 "Pairwise" 0.5 100 5
353 100 4000 10 2 "Pairwise" 0.5 10 1
354 100 4000 10 2 "Pairwise" 0.5 10 2
355 100 4000 10 2 "Pairwise" 0.5 10 5
356 100 4000 10 2 "Pairwise" 0.7 100 1
357 100 4000 10 2 "Pairwise" 0.7 100 2
358 100 4000 10 2 "Pairwise" 0.7 100 5
359 100 4000 10 2 "Pairwise" 0.7 10 1
360 100 4000 10 2 "Pairwise" 0.7 10 2
361 100 4000 10 2 "Pairwise" 0.7 10 5
362 100 4000 10 2 "Pairwise" 0.9 100 1
363 100 4000 10 2 "Pairwise" 0.9 100 2
364 100 4000 10 2 "Pairwise" 0.9 100 5
365 100 4000 10 2 "Pairwise" 0.9 10 1
366 100 4000 10 2 "Pairwise" 0.9 10 2
367 100 4000 10 2 "Pairwise" 0.9 10 5
368 100 4000 10 2 "Toeplitz" 0.7 100 2
369 100 4000 10 4 "Independence" 0 0 0
370 100 4000 10 4 "Pairwise" 0.5 100 1
371 100 4000 10 4 "Pairwise" 0.5 100 2
372 100 4000 10 4 "Pairwise" 0.5 100 5
373 100 4000 10 4 "Pairwise" 0.5 10 1
374 100 4000 10 4 "Pairwise" 0.5 10 2
375 100 4000 10 4 "Pairwise" 0.5 10 5
376 100 4000 10 4 "Pairwise" 0.7 100 1
377 100 4000 10 4 "Pairwise" 0.7 100 2
378 100 4000 10 4 "Pairwise" 0.7 100 5
379 100 4000 10 4 "Pairwise" 0.7 10 1
380 100 4000 10 4 "Pairwise" 0.7 10 2
381 100 4000 10 4 "Pairwise" 0.7 10 5
382 100 4000 10 4 "Pairwise" 0.9 100 1
383 100 4000 10 4 "Pairwise" 0.9 100 2
384 100 4000 10 4 "Pairwise" 0.9 100 5
385 100 4000 10 4 "Pairwise" 0.9 10 1
386 100 4000 10 4 "Pairwise" 0.9 10 2
387 100 4000 10 4 "Pairwise" 0.9 10 5
388 100 4000 10 4 "Toeplitz" 0.7 100 2
389 100 4000 20 0.5 "Independence" 0 0 0
390 100 4000 20 1 "Independence" 0 0 0
391 100 4000 20 1 "Pairwise" 0.5 100 1
392 100 4000 20 1 "Pairwise" 0.5 100 2
393 100 4000 20 1 "Pairwise" 0.5 100 5
394 100 4000 20 1 "Pairwise" 0.5 10 1
395 100 4000 20 1 "Pairwise" 0.5 10 2
396 100 4000 20 1 "Pairwise" 0.5 10 5
397 100 4000 20 1 "Pairwise" 0.7 100 1
398 100 4000 20 1 "Pairwise" 0.7 100 2
399 100 4000 20 1 "Pairwise" 0.7 100 5
400 100 4000 20 1 "Pairwise" 0.7 10 1
401 100 4000 20 1 "Pairwise" 0.7 10 2
402 100 4000 20 1 "Pairwise" 0.7 10 5
403 100 4000 20 1 "Pairwise" 0.9 100 1
404 100 4000 20 1 "Pairwise" 0.9 100 2
405 100 4000 20 1 "Pairwise" 0.9 100 5
406 100 4000 20 1 "Pairwise" 0.9 10 1
407 100 4000 20 1 "Pairwise" 0.9 10 2
408 100 4000 20 1 "Pairwise" 0.9 10 5
409 100 4000 20 1 "Toeplitz" 0.7 100 2
410 100 4000 20 2 "Independence" 0 0 0
411 100 4000 20 2 "Pairwise" 0.5 100 1
412 100 4000 20 2 "Pairwise" 0.5 100 2
413 100 4000 20 2 "Pairwise" 0.5 100 5
414 100 4000 20 2 "Pairwise" 0.5 10 1
415 100 4000 20 2 "Pairwise" 0.5 10 2
416 100 4000 20 2 "Pairwise" 0.5 10 5
417 100 4000 20 2 "Pairwise" 0.7 100 1
418 100 4000 20 2 "Pairwise" 0.7 100 2
419 100 4000 20 2 "Pairwise" 0.7 100 5
420 100 4000 20 2 "Pairwise" 0.7 10 1
421 100 4000 20 2 "Pairwise" 0.7 10 2
422 100 4000 20 2 "Pairwise" 0.7 10 5
423 100 4000 20 2 "Pairwise" 0.9 100 1
424 100 4000 20 2 "Pairwise" 0.9 100 2
425 100 4000 20 2 "Pairwise" 0.9 100 5
426 100 4000 20 2 "Pairwise" 0.9 10 1
427 100 4000 20 2 "Pairwise" 0.9 10 2
428 100 4000 20 2 "Pairwise" 0.9 10 5
429 100 4000 20 2 "Toeplitz" 0.7 100 2
430 100 4000 20 4 "Independence" 0 0 0
431 100 4000 20 4 "Pairwise" 0.5 100 1
432 100 4000 20 4 "Pairwise" 0.5 100 2
433 100 4000 20 4 "Pairwise" 0.5 100 5
434 100 4000 20 4 "Pairwise" 0.5 10 1
435 100 4000 20 4 "Pairwise" 0.5 10 2
436 100 4000 20 4 "Pairwise" 0.5 10 5
437 100 4000 20 4 "Pairwise" 0.7 100 1
438 100 4000 20 4 "Pairwise" 0.7 100 2
439 100 4000 20 4 "Pairwise" 0.7 100 5
440 100 4000 20 4 "Pairwise" 0.7 10 1
441 100 4000 20 4 "Pairwise" 0.7 10 2
442 100 4000 20 4 "Pairwise" 0.7 10 5
443 100 4000 20 4 "Pairwise" 0.9 100 1
444 100 4000 20 4 "Pairwise" 0.9 100 2
445 100 4000 20 4 "Pairwise" 0.9 100 5
446 100 4000 20 4 "Pairwise" 0.9 10 1
447 100 4000 20 4 "Pairwise" 0.9 10 2
448 100 4000 20 4 "Pairwise" 0.9 10 5
449 100 4000 20 4 "Toeplitz" 0.7 100 2
450 100 4000 40 0.5 "Independence" 0 0 0
451 100 4000 40 1 "Independence" 0 0 0
452 100 4000 40 1 "Pairwise" 0.5 100 1
453 100 4000 40 1 "Pairwise" 0.5 100 2
454 100 4000 40 1 "Pairwise" 0.5 100 5
455 100 4000 40 1 "Pairwise" 0.5 10 1
456 100 4000 40 1 "Pairwise" 0.5 10 2
457 100 4000 40 1 "Pairwise" 0.5 10 5
458 100 4000 40 1 "Pairwise" 0.7 100 1
459 100 4000 40 1 "Pairwise" 0.7 100 2
460 100 4000 40 1 "Pairwise" 0.7 100 5
461 100 4000 40 1 "Pairwise" 0.7 10 1
462 100 4000 40 1 "Pairwise" 0.7 10 2
463 100 4000 40 1 "Pairwise" 0.7 10 5
464 100 4000 40 1 "Pairwise" 0.9 100 1
465 100 4000 40 1 "Pairwise" 0.9 100 2
466 100 4000 40 1 "Pairwise" 0.9 100 5
467 100 4000 40 1 "Pairwise" 0.9 10 1
468 100 4000 40 1 "Pairwise" 0.9 10 2
469 100 4000 40 1 "Pairwise" 0.9 10 5
470 100 4000 40 1 "Toeplitz" 0.7 100 2
471 100 4000 40 2 "Independence" 0 0 0
472 100 4000 40 2 "Pairwise" 0.5 100 1
473 100 4000 40 2 "Pairwise" 0.5 100 2
474 100 4000 40 2 "Pairwise" 0.5 100 5
475 100 4000 40 2 "Pairwise" 0.5 10 1
476 100 4000 40 2 "Pairwise" 0.5 10 2
477 100 4000 40 2 "Pairwise" 0.5 10 5
478 100 4000 40 2 "Pairwise" 0.7 100 1
479 100 4000 40 2 "Pairwise" 0.7 100 2
480 100 4000 40 2 "Pairwise" 0.7 100 5
481 100 4000 40 2 "Pairwise" 0.7 10 1
482 100 4000 40 2 "Pairwise" 0.7 10 2
483 100 4000 40 2 "Pairwise" 0.7 10 5
484 100 4000 40 2 "Pairwise" 0.9 100 1
485 100 4000 40 2 "Pairwise" 0.9 100 2
486 100 4000 40 2 "Pairwise" 0.9 100 5
487 100 4000 40 2 "Pairwise" 0.9 10 1
488 100 4000 40 2 "Pairwise" 0.9 10 2
489 100 4000 40 2 "Pairwise" 0.9 10 5
490 100 4000 40 2 "Toeplitz" 0.7 100 2
491 100 4000 40 4 "Independence" 0 0 0
492 100 4000 40 4 "Pairwise" 0.5 100 1
493 100 4000 40 4 "Pairwise" 0.5 100 2
494 100 4000 40 4 "Pairwise" 0.5 100 5
495 100 4000 40 4 "Pairwise" 0.5 10 1
496 100 4000 40 4 "Pairwise" 0.5 10 2
497 100 4000 40 4 "Pairwise" 0.5 10 5
498 100 4000 40 4 "Pairwise" 0.7 100 1
499 100 4000 40 4 "Pairwise" 0.7 100 2
500 100 4000 40 4 "Pairwise" 0.7 100 5
501 100 4000 40 4 "Pairwise" 0.7 10 1
502 100 4000 40 4 "Pairwise" 0.7 10 2
503 100 4000 40 4 "Pairwise" 0.7 10 5
504 100 4000 40 4 "Pairwise" 0.9 100 1
505 100 4000 40 4 "Pairwise" 0.9 100 2
506 100 4000 40 4 "Pairwise" 0.9 100 5
507 100 4000 40 4 "Pairwise" 0.9 10 1
508 100 4000 40 4 "Pairwise" 0.9 10 2
509 100 4000 40 4 "Pairwise" 0.9 10 5
510 100 4000 40 4 "Toeplitz" 0.7 100 2
511 100 500 10 0.5 "Independence" 0 0 0
512 100 500 10 1 "Independence" 0 0 0
513 100 500 10 1 "Pairwise" 0.5 100 2
514 100 500 10 1 "Pairwise" 0.5 100 5
515 100 500 10 1 "Pairwise" 0.5 10 1
516 100 500 10 1 "Pairwise" 0.5 10 2
517 100 500 10 1 "Pairwise" 0.5 10 5
518 100 500 10 1 "Pairwise" 0.7 100 2
519 100 500 10 1 "Pairwise" 0.7 100 5
520 100 500 10 1 "Pairwise" 0.7 10 1
521 100 500 10 1 "Pairwise" 0.7 10 2
522 100 500 10 1 "Pairwise" 0.7 10 5
523 100 500 10 1 "Pairwise" 0.9 100 2
524 100 500 10 1 "Pairwise" 0.9 100 5
525 100 500 10 1 "Pairwise" 0.9 10 1
526 100 500 10 1 "Pairwise" 0.9 10 2
527 100 500 10 1 "Pairwise" 0.9 10 5
528 100 500 10 1 "Toeplitz" 0.7 100 2
529 100 500 10 2 "Independence" 0 0 0
530 100 500 10 2 "Pairwise" 0.5 100 2
531 100 500 10 2 "Pairwise" 0.5 100 5
532 100 500 10 2 "Pairwise" 0.5 10 1
533 100 500 10 2 "Pairwise" 0.5 10 2
534 100 500 10 2 "Pairwise" 0.5 10 5
535 100 500 10 2 "Pairwise" 0.7 100 2
536 100 500 10 2 "Pairwise" 0.7 100 5
537 100 500 10 2 "Pairwise" 0.7 10 1
538 100 500 10 2 "Pairwise" 0.7 10 2
539 100 500 10 2 "Pairwise" 0.7 10 5
540 100 500 10 2 "Pairwise" 0.9 100 2
541 100 500 10 2 "Pairwise" 0.9 100 5
542 100 500 10 2 "Pairwise" 0.9 10 1
543 100 500 10 2 "Pairwise" 0.9 10 2
544 100 500 10 2 "Pairwise" 0.9 10 5
545 100 500 10 2 "Toeplitz" 0.7 100 2
546 100 500 10 4 "Independence" 0 0 0
547 100 500 10 4 "Pairwise" 0.5 100 2
548 100 500 10 4 "Pairwise" 0.5 100 5
549 100 500 10 4 "Pairwise" 0.5 10 1
550 100 500 10 4 "Pairwise" 0.5 10 2
551 100 500 10 4 "Pairwise" 0.5 10 5
552 100 500 10 4 "Pairwise" 0.7 100 2
553 100 500 10 4 "Pairwise" 0.7 100 5
554 100 500 10 4 "Pairwise" 0.7 10 1
555 100 500 10 4 "Pairwise" 0.7 10 2
556 100 500 10 4 "Pairwise" 0.7 10 5
557 100 500 10 4 "Pairwise" 0.9 100 2
558 100 500 10 4 "Pairwise" 0.9 100 5
559 100 500 10 4 "Pairwise" 0.9 10 1
560 100 500 10 4 "Pairwise" 0.9 10 2
561 100 500 10 4 "Pairwise" 0.9 10 5
562 100 500 10 4 "Toeplitz" 0.7 100 2
563 100 500 20 0.5 "Independence" 0 0 0
564 100 500 20 1 "Independence" 0 0 0
565 100 500 20 1 "Pairwise" 0.5 100 5
566 100 500 20 1 "Pairwise" 0.5 10 1
567 100 500 20 1 "Pairwise" 0.5 10 2
568 100 500 20 1 "Pairwise" 0.5 10 5
569 100 500 20 1 "Pairwise" 0.7 100 5
570 100 500 20 1 "Pairwise" 0.7 10 1
571 100 500 20 1 "Pairwise" 0.7 10 2
572 100 500 20 1 "Pairwise" 0.7 10 5
573 100 500 20 1 "Pairwise" 0.9 100 5
574 100 500 20 1 "Pairwise" 0.9 10 1
575 100 500 20 1 "Pairwise" 0.9 10 2
576 100 500 20 1 "Pairwise" 0.9 10 5
577 100 500 20 2 "Independence" 0 0 0
578 100 500 20 2 "Pairwise" 0.5 100 5
579 100 500 20 2 "Pairwise" 0.5 10 1
580 100 500 20 2 "Pairwise" 0.5 10 2
581 100 500 20 2 "Pairwise" 0.5 10 5
582 100 500 20 2 "Pairwise" 0.7 100 5
583 100 500 20 2 "Pairwise" 0.7 10 1
584 100 500 20 2 "Pairwise" 0.7 10 2
585 100 500 20 2 "Pairwise" 0.7 10 5
586 100 500 20 2 "Pairwise" 0.9 100 5
587 100 500 20 2 "Pairwise" 0.9 10 1
588 100 500 20 2 "Pairwise" 0.9 10 2
589 100 500 20 2 "Pairwise" 0.9 10 5
590 100 500 20 4 "Independence" 0 0 0
591 100 500 20 4 "Pairwise" 0.5 100 5
592 100 500 20 4 "Pairwise" 0.5 10 1
593 100 500 20 4 "Pairwise" 0.5 10 2
594 100 500 20 4 "Pairwise" 0.5 10 5
595 100 500 20 4 "Pairwise" 0.7 100 5
596 100 500 20 4 "Pairwise" 0.7 10 1
597 100 500 20 4 "Pairwise" 0.7 10 2
598 100 500 20 4 "Pairwise" 0.7 10 5
599 100 500 20 4 "Pairwise" 0.9 100 5
600 100 500 20 4 "Pairwise" 0.9 10 1
601 100 500 20 4 "Pairwise" 0.9 10 2
602 100 500 20 4 "Pairwise" 0.9 10 5
603 100 500 40 0.5 "Independence" 0 0 0
604 100 500 40 1 "Independence" 0 0 0
605 100 500 40 1 "Pairwise" 0.5 10 1
606 100 500 40 1 "Pairwise" 0.5 10 2
607 100 500 40 1 "Pairwise" 0.5 10 5
608 100 500 40 1 "Pairwise" 0.7 10 1
609 100 500 40 1 "Pairwise" 0.7 10 2
610 100 500 40 1 "Pairwise" 0.7 10 5
611 100 500 40 1 "Pairwise" 0.9 10 1
612 100 500 40 1 "Pairwise" 0.9 10 2
613 100 500 40 1 "Pairwise" 0.9 10 5
614 100 500 40 2 "Independence" 0 0 0
615 100 500 40 2 "Pairwise" 0.5 10 1
616 100 500 40 2 "Pairwise" 0.5 10 2
617 100 500 40 2 "Pairwise" 0.5 10 5
618 100 500 40 2 "Pairwise" 0.7 10 1
619 100 500 40 2 "Pairwise" 0.7 10 2
620 100 500 40 2 "Pairwise" 0.7 10 5
621 100 500 40 2 "Pairwise" 0.9 10 1
622 100 500 40 2 "Pairwise" 0.9 10 2
623 100 500 40 2 "Pairwise" 0.9 10 5
624 100 500 40 4 "Independence" 0 0 0
625 100 500 40 4 "Pairwise" 0.5 10 1
626 100 500 40 4 "Pairwise" 0.5 10 2
627 100 500 40 4 "Pairwise" 0.5 10 5
628 100 500 40 4 "Pairwise" 0.7 10 1
629 100 500 40 4 "Pairwise" 0.7 10 2
630 100 500 40 4 "Pairwise" 0.7 10 5
631 100 500 40 4 "Pairwise" 0.9 10 1
632 100 500 40 4 "Pairwise" 0.9 10 2
633 100 500 40 4 "Pairwise" 0.9 10 5
634 200 1000 10 0.5 "Independence" 0 0 0
635 200 1000 10 1 "Independence" 0 0 0
636 200 1000 10 1 "Pairwise" 0.5 100 1
637 200 1000 10 1 "Pairwise" 0.5 100 2
638 200 1000 10 1 "Pairwise" 0.5 100 5
639 200 1000 10 1 "Pairwise" 0.5 10 1
640 200 1000 10 1 "Pairwise" 0.5 10 2
641 200 1000 10 1 "Pairwise" 0.5 10 5
642 200 1000 10 1 "Pairwise" 0.7 100 1
643 200 1000 10 1 "Pairwise" 0.7 100 2
644 200 1000 10 1 "Pairwise" 0.7 100 5
645 200 1000 10 1 "Pairwise" 0.7 10 1
646 200 1000 10 1 "Pairwise" 0.7 10 2
647 200 1000 10 1 "Pairwise" 0.7 10 5
648 200 1000 10 1 "Pairwise" 0.9 100 1
649 200 1000 10 1 "Pairwise" 0.9 100 2
650 200 1000 10 1 "Pairwise" 0.9 100 5
651 200 1000 10 1 "Pairwise" 0.9 10 1
652 200 1000 10 1 "Pairwise" 0.9 10 2
653 200 1000 10 1 "Pairwise" 0.9 10 5
654 200 1000 10 1 "Toeplitz" 0.7 100 2
655 200 1000 10 2 "Independence" 0 0 0
656 200 1000 10 2 "Pairwise" 0.5 100 1
657 200 1000 10 2 "Pairwise" 0.5 100 2
658 200 1000 10 2 "Pairwise" 0.5 100 5
659 200 1000 10 2 "Pairwise" 0.5 10 1
660 200 1000 10 2 "Pairwise" 0.5 10 2
661 200 1000 10 2 "Pairwise" 0.5 10 5
662 200 1000 10 2 "Pairwise" 0.7 100 1
663 200 1000 10 2 "Pairwise" 0.7 100 2
664 200 1000 10 2 "Pairwise" 0.7 100 5
665 200 1000 10 2 "Pairwise" 0.7 10 1
666 200 1000 10 2 "Pairwise" 0.7 10 2
667 200 1000 10 2 "Pairwise" 0.7 10 5
668 200 1000 10 2 "Pairwise" 0.9 100 1
669 200 1000 10 2 "Pairwise" 0.9 100 2
670 200 1000 10 2 "Pairwise" 0.9 100 5
671 200 1000 10 2 "Pairwise" 0.9 10 1
672 200 1000 10 2 "Pairwise" 0.9 10 2
673 200 1000 10 2 "Pairwise" 0.9 10 5
674 200 1000 10 2 "Toeplitz" 0.7 100 2
675 200 1000 10 4 "Independence" 0 0 0
676 200 1000 10 4 "Pairwise" 0.5 100 1
677 200 1000 10 4 "Pairwise" 0.5 100 2
678 200 1000 10 4 "Pairwise" 0.5 100 5
679 200 1000 10 4 "Pairwise" 0.5 10 1
680 200 1000 10 4 "Pairwise" 0.5 10 2
681 200 1000 10 4 "Pairwise" 0.5 10 5
682 200 1000 10 4 "Pairwise" 0.7 100 1
683 200 1000 10 4 "Pairwise" 0.7 100 2
684 200 1000 10 4 "Pairwise" 0.7 100 5
685 200 1000 10 4 "Pairwise" 0.7 10 1
686 200 1000 10 4 "Pairwise" 0.7 10 2
687 200 1000 10 4 "Pairwise" 0.7 10 5
688 200 1000 10 4 "Pairwise" 0.9 100 1
689 200 1000 10 4 "Pairwise" 0.9 100 2
690 200 1000 10 4 "Pairwise" 0.9 100 5
691 200 1000 10 4 "Pairwise" 0.9 10 1
692 200 1000 10 4 "Pairwise" 0.9 10 2
693 200 1000 10 4 "Pairwise" 0.9 10 5
694 200 1000 10 4 "Toeplitz" 0.7 100 2
695 200 1000 20 0.5 "Independence" 0 0 0
696 200 1000 20 1 "Independence" 0 0 0
697 200 1000 20 1 "Pairwise" 0.5 100 2
698 200 1000 20 1 "Pairwise" 0.5 100 5
699 200 1000 20 1 "Pairwise" 0.5 10 1
700 200 1000 20 1 "Pairwise" 0.5 10 2
701 200 1000 20 1 "Pairwise" 0.5 10 5
702 200 1000 20 1 "Pairwise" 0.7 100 2
703 200 1000 20 1 "Pairwise" 0.7 100 5
704 200 1000 20 1 "Pairwise" 0.7 10 1
705 200 1000 20 1 "Pairwise" 0.7 10 2
706 200 1000 20 1 "Pairwise" 0.7 10 5
707 200 1000 20 1 "Pairwise" 0.9 100 2
708 200 1000 20 1 "Pairwise" 0.9 100 5
709 200 1000 20 1 "Pairwise" 0.9 10 1
710 200 1000 20 1 "Pairwise" 0.9 10 2
711 200 1000 20 1 "Pairwise" 0.9 10 5
712 200 1000 20 1 "Toeplitz" 0.7 100 2
713 200 1000 20 2 "Independence" 0 0 0
714 200 1000 20 2 "Pairwise" 0.5 100 2
715 200 1000 20 2 "Pairwise" 0.5 100 5
716 200 1000 20 2 "Pairwise" 0.5 10 1
717 200 1000 20 2 "Pairwise" 0.5 10 2
718 200 1000 20 2 "Pairwise" 0.5 10 5
719 200 1000 20 2 "Pairwise" 0.7 100 2
720 200 1000 20 2 "Pairwise" 0.7 100 5
721 200 1000 20 2 "Pairwise" 0.7 10 1
722 200 1000 20 2 "Pairwise" 0.7 10 2
723 200 1000 20 2 "Pairwise" 0.7 10 5
724 200 1000 20 2 "Pairwise" 0.9 100 2
725 200 1000 20 2 "Pairwise" 0.9 100 5
726 200 1000 20 2 "Pairwise" 0.9 10 1
727 200 1000 20 2 "Pairwise" 0.9 10 2
728 200 1000 20 2 "Pairwise" 0.9 10 5
729 200 1000 20 2 "Toeplitz" 0.7 100 2
730 200 1000 20 4 "Independence" 0 0 0
731 200 1000 20 4 "Pairwise" 0.5 100 2
732 200 1000 20 4 "Pairwise" 0.5 100 5
733 200 1000 20 4 "Pairwise" 0.5 10 1
734 200 1000 20 4 "Pairwise" 0.5 10 2
735 200 1000 20 4 "Pairwise" 0.5 10 5
736 200 1000 20 4 "Pairwise" 0.7 100 2
737 200 1000 20 4 "Pairwise" 0.7 100 5
738 200 1000 20 4 "Pairwise" 0.7 10 1
739 200 1000 20 4 "Pairwise" 0.7 10 2
740 200 1000 20 4 "Pairwise" 0.7 10 5
741 200 1000 20 4 "Pairwise" 0.9 100 2
742 200 1000 20 4 "Pairwise" 0.9 100 5
743 200 1000 20 4 "Pairwise" 0.9 10 1
744 200 1000 20 4 "Pairwise" 0.9 10 2
745 200 1000 20 4 "Pairwise" 0.9 10 5
746 200 1000 20 4 "Toeplitz" 0.7 100 2
747 200 1000 40 0.5 "Independence" 0 0 0
748 200 1000 40 1 "Independence" 0 0 0
749 200 1000 40 1 "Pairwise" 0.5 100 5
750 200 1000 40 1 "Pairwise" 0.5 10 1
751 200 1000 40 1 "Pairwise" 0.5 10 2
752 200 1000 40 1 "Pairwise" 0.5 10 5
753 200 1000 40 1 "Pairwise" 0.7 100 5
754 200 1000 40 1 "Pairwise" 0.7 10 1
755 200 1000 40 1 "Pairwise" 0.7 10 2
756 200 1000 40 1 "Pairwise" 0.7 10 5
757 200 1000 40 1 "Pairwise" 0.9 100 5
758 200 1000 40 1 "Pairwise" 0.9 10 1
759 200 1000 40 1 "Pairwise" 0.9 10 2
760 200 1000 40 1 "Pairwise" 0.9 10 5
761 200 1000 40 2 "Independence" 0 0 0
762 200 1000 40 2 "Pairwise" 0.5 100 5
763 200 1000 40 2 "Pairwise" 0.5 10 1
764 200 1000 40 2 "Pairwise" 0.5 10 2
765 200 1000 40 2 "Pairwise" 0.5 10 5
766 200 1000 40 2 "Pairwise" 0.7 100 5
767 200 1000 40 2 "Pairwise" 0.7 10 1
768 200 1000 40 2 "Pairwise" 0.7 10 2
769 200 1000 40 2 "Pairwise" 0.7 10 5
770 200 1000 40 2 "Pairwise" 0.9 100 5
771 200 1000 40 2 "Pairwise" 0.9 10 1
772 200 1000 40 2 "Pairwise" 0.9 10 2
773 200 1000 40 2 "Pairwise" 0.9 10 5
774 200 1000 40 4 "Independence" 0 0 0
775 200 1000 40 4 "Pairwise" 0.5 100 5
776 200 1000 40 4 "Pairwise" 0.5 10 1
777 200 1000 40 4 "Pairwise" 0.5 10 2
778 200 1000 40 4 "Pairwise" 0.5 10 5
779 200 1000 40 4 "Pairwise" 0.7 100 5
780 200 1000 40 4 "Pairwise" 0.7 10 1
781 200 1000 40 4 "Pairwise" 0.7 10 2
782 200 1000 40 4 "Pairwise" 0.7 10 5
783 200 1000 40 4 "Pairwise" 0.9 100 5
784 200 1000 40 4 "Pairwise" 0.9 10 1
785 200 1000 40 4 "Pairwise" 0.9 10 2
786 200 1000 40 4 "Pairwise" 0.9 10 5
787 200 2000 10 0.5 "Independence" 0 0 0
788 200 2000 10 1 "Independence" 0 0 0
789 200 2000 10 1 "Pairwise" 0.5 100 1
790 200 2000 10 1 "Pairwise" 0.5 100 2
791 200 2000 10 1 "Pairwise" 0.5 100 5
792 200 2000 10 1 "Pairwise" 0.5 10 1
793 200 2000 10 1 "Pairwise" 0.5 10 2
794 200 2000 10 1 "Pairwise" 0.5 10 5
795 200 2000 10 1 "Pairwise" 0.7 100 1
796 200 2000 10 1 "Pairwise" 0.7 100 2
797 200 2000 10 1 "Pairwise" 0.7 100 5
798 200 2000 10 1 "Pairwise" 0.7 10 1
799 200 2000 10 1 "Pairwise" 0.7 10 2
800 200 2000 10 1 "Pairwise" 0.7 10 5
801 200 2000 10 1 "Pairwise" 0.9 100 1
802 200 2000 10 1 "Pairwise" 0.9 100 2
803 200 2000 10 1 "Pairwise" 0.9 100 5
804 200 2000 10 1 "Pairwise" 0.9 10 1
805 200 2000 10 1 "Pairwise" 0.9 10 2
806 200 2000 10 1 "Pairwise" 0.9 10 5
807 200 2000 10 1 "Toeplitz" 0.7 100 2
808 200 2000 10 2 "Independence" 0 0 0
809 200 2000 10 2 "Pairwise" 0.5 100 1
810 200 2000 10 2 "Pairwise" 0.5 100 2
811 200 2000 10 2 "Pairwise" 0.5 100 5
812 200 2000 10 2 "Pairwise" 0.5 10 1
813 200 2000 10 2 "Pairwise" 0.5 10 2
814 200 2000 10 2 "Pairwise" 0.5 10 5
815 200 2000 10 2 "Pairwise" 0.7 100 1
816 200 2000 10 2 "Pairwise" 0.7 100 2
817 200 2000 10 2 "Pairwise" 0.7 100 5
818 200 2000 10 2 "Pairwise" 0.7 10 1
819 200 2000 10 2 "Pairwise" 0.7 10 2
820 200 2000 10 2 "Pairwise" 0.7 10 5
821 200 2000 10 2 "Pairwise" 0.9 100 1
822 200 2000 10 2 "Pairwise" 0.9 100 2
823 200 2000 10 2 "Pairwise" 0.9 100 5
824 200 2000 10 2 "Pairwise" 0.9 10 1
825 200 2000 10 2 "Pairwise" 0.9 10 2
826 200 2000 10 2 "Pairwise" 0.9 10 5
827 200 2000 10 2 "Toeplitz" 0.7 100 2
828 200 2000 10 4 "Independence" 0 0 0
829 200 2000 10 4 "Pairwise" 0.5 100 1
830 200 2000 10 4 "Pairwise" 0.5 100 2
831 200 2000 10 4 "Pairwise" 0.5 100 5
832 200 2000 10 4 "Pairwise" 0.5 10 1
833 200 2000 10 4 "Pairwise" 0.5 10 2
834 200 2000 10 4 "Pairwise" 0.5 10 5
835 200 2000 10 4 "Pairwise" 0.7 100 1
836 200 2000 10 4 "Pairwise" 0.7 100 2
837 200 2000 10 4 "Pairwise" 0.7 100 5
838 200 2000 10 4 "Pairwise" 0.7 10 1
839 200 2000 10 4 "Pairwise" 0.7 10 2
840 200 2000 10 4 "Pairwise" 0.7 10 5
841 200 2000 10 4 "Pairwise" 0.9 100 1
842 200 2000 10 4 "Pairwise" 0.9 100 2
843 200 2000 10 4 "Pairwise" 0.9 100 5
844 200 2000 10 4 "Pairwise" 0.9 10 1
845 200 2000 10 4 "Pairwise" 0.9 10 2
846 200 2000 10 4 "Pairwise" 0.9 10 5
847 200 2000 10 4 "Toeplitz" 0.7 100 2
848 200 2000 20 0.5 "Independence" 0 0 0
849 200 2000 20 1 "Independence" 0 0 0
850 200 2000 20 1 "Pairwise" 0.5 100 1
851 200 2000 20 1 "Pairwise" 0.5 100 2
852 200 2000 20 1 "Pairwise" 0.5 100 5
853 200 2000 20 1 "Pairwise" 0.5 10 1
854 200 2000 20 1 "Pairwise" 0.5 10 2
855 200 2000 20 1 "Pairwise" 0.5 10 5
856 200 2000 20 1 "Pairwise" 0.7 100 1
857 200 2000 20 1 "Pairwise" 0.7 100 2
858 200 2000 20 1 "Pairwise" 0.7 100 5
859 200 2000 20 1 "Pairwise" 0.7 10 1
860 200 2000 20 1 "Pairwise" 0.7 10 2
861 200 2000 20 1 "Pairwise" 0.7 10 5
862 200 2000 20 1 "Pairwise" 0.9 100 1
863 200 2000 20 1 "Pairwise" 0.9 100 2
864 200 2000 20 1 "Pairwise" 0.9 100 5
865 200 2000 20 1 "Pairwise" 0.9 10 1
866 200 2000 20 1 "Pairwise" 0.9 10 2
867 200 2000 20 1 "Pairwise" 0.9 10 5
868 200 2000 20 1 "Toeplitz" 0.7 100 2
869 200 2000 20 2 "Independence" 0 0 0
870 200 2000 20 2 "Pairwise" 0.5 100 1
871 200 2000 20 2 "Pairwise" 0.5 100 2
872 200 2000 20 2 "Pairwise" 0.5 100 5
873 200 2000 20 2 "Pairwise" 0.5 10 1
874 200 2000 20 2 "Pairwise" 0.5 10 2
875 200 2000 20 2 "Pairwise" 0.5 10 5
876 200 2000 20 2 "Pairwise" 0.7 100 1
877 200 2000 20 2 "Pairwise" 0.7 100 2
878 200 2000 20 2 "Pairwise" 0.7 100 5
879 200 2000 20 2 "Pairwise" 0.7 10 1
880 200 2000 20 2 "Pairwise" 0.7 10 2
881 200 2000 20 2 "Pairwise" 0.7 10 5
882 200 2000 20 2 "Pairwise" 0.9 100 1
883 200 2000 20 2 "Pairwise" 0.9 100 2
884 200 2000 20 2 "Pairwise" 0.9 100 5
885 200 2000 20 2 "Pairwise" 0.9 10 1
886 200 2000 20 2 "Pairwise" 0.9 10 2
887 200 2000 20 2 "Pairwise" 0.9 10 5
888 200 2000 20 2 "Toeplitz" 0.7 100 2
889 200 2000 20 4 "Independence" 0 0 0
890 200 2000 20 4 "Pairwise" 0.5 100 1
891 200 2000 20 4 "Pairwise" 0.5 100 2
892 200 2000 20 4 "Pairwise" 0.5 100 5
893 200 2000 20 4 "Pairwise" 0.5 10 1
894 200 2000 20 4 "Pairwise" 0.5 10 2
895 200 2000 20 4 "Pairwise" 0.5 10 5
896 200 2000 20 4 "Pairwise" 0.7 100 1
897 200 2000 20 4 "Pairwise" 0.7 100 2
898 200 2000 20 4 "Pairwise" 0.7 100 5
899 200 2000 20 4 "Pairwise" 0.7 10 1
900 200 2000 20 4 "Pairwise" 0.7 10 2
901 200 2000 20 4 "Pairwise" 0.7 10 5
902 200 2000 20 4 "Pairwise" 0.9 100 1
903 200 2000 20 4 "Pairwise" 0.9 100 2
904 200 2000 20 4 "Pairwise" 0.9 100 5
905 200 2000 20 4 "Pairwise" 0.9 10 1
906 200 2000 20 4 "Pairwise" 0.9 10 2
907 200 2000 20 4 "Pairwise" 0.9 10 5
908 200 2000 20 4 "Toeplitz" 0.7 100 2
909 200 2000 40 0.5 "Independence" 0 0 0
910 200 2000 40 1 "Independence" 0 0 0
911 200 2000 40 1 "Pairwise" 0.5 100 2
912 200 2000 40 1 "Pairwise" 0.5 100 5
913 200 2000 40 1 "Pairwise" 0.5 10 1
914 200 2000 40 1 "Pairwise" 0.5 10 2
915 200 2000 40 1 "Pairwise" 0.5 10 5
916 200 2000 40 1 "Pairwise" 0.7 100 2
917 200 2000 40 1 "Pairwise" 0.7 100 5
918 200 2000 40 1 "Pairwise" 0.7 10 1
919 200 2000 40 1 "Pairwise" 0.7 10 2
920 200 2000 40 1 "Pairwise" 0.7 10 5
921 200 2000 40 1 "Pairwise" 0.9 100 2
922 200 2000 40 1 "Pairwise" 0.9 100 5
923 200 2000 40 1 "Pairwise" 0.9 10 1
924 200 2000 40 1 "Pairwise" 0.9 10 2
925 200 2000 40 1 "Pairwise" 0.9 10 5
926 200 2000 40 1 "Toeplitz" 0.7 100 2
927 200 2000 40 2 "Independence" 0 0 0
928 200 2000 40 2 "Pairwise" 0.5 100 2
929 200 2000 40 2 "Pairwise" 0.5 100 5
930 200 2000 40 2 "Pairwise" 0.5 10 1
931 200 2000 40 2 "Pairwise" 0.5 10 2
932 200 2000 40 2 "Pairwise" 0.5 10 5
933 200 2000 40 2 "Pairwise" 0.7 100 2
934 200 2000 40 2 "Pairwise" 0.7 100 5
935 200 2000 40 2 "Pairwise" 0.7 10 1
936 200 2000 40 2 "Pairwise" 0.7 10 2
937 200 2000 40 2 "Pairwise" 0.7 10 5
938 200 2000 40 2 "Pairwise" 0.9 100 2
939 200 2000 40 2 "Pairwise" 0.9 100 5
940 200 2000 40 2 "Pairwise" 0.9 10 1
941 200 2000 40 2 "Pairwise" 0.9 10 2
942 200 2000 40 2 "Pairwise" 0.9 10 5
943 200 2000 40 2 "Toeplitz" 0.7 100 2
944 200 2000 40 4 "Independence" 0 0 0
945 200 2000 40 4 "Pairwise" 0.5 100 2
946 200 2000 40 4 "Pairwise" 0.5 100 5
947 200 2000 40 4 "Pairwise" 0.5 10 1
948 200 2000 40 4 "Pairwise" 0.5 10 2
949 200 2000 40 4 "Pairwise" 0.5 10 5
950 200 2000 40 4 "Pairwise" 0.7 100 2
951 200 2000 40 4 "Pairwise" 0.7 100 5
952 200 2000 40 4 "Pairwise" 0.7 10 1
953 200 2000 40 4 "Pairwise" 0.7 10 2
954 200 2000 40 4 "Pairwise" 0.7 10 5
955 200 2000 40 4 "Pairwise" 0.9 100 2
956 200 2000 40 4 "Pairwise" 0.9 100 5
957 200 2000 40 4 "Pairwise" 0.9 10 1
958 200 2000 40 4 "Pairwise" 0.9 10 2
959 200 2000 40 4 "Pairwise" 0.9 10 5
960 200 2000 40 4 "Toeplitz" 0.7 100 2
961 200 4000 10 0.5 "Independence" 0 0 0
962 200 4000 10 1 "Independence" 0 0 0
963 200 4000 10 1 "Pairwise" 0.5 100 1
964 200 4000 10 1 "Pairwise" 0.5 100 2
965 200 4000 10 1 "Pairwise" 0.5 100 5
966 200 4000 10 1 "Pairwise" 0.5 10 1
967 200 4000 10 1 "Pairwise" 0.5 10 2
968 200 4000 10 1 "Pairwise" 0.5 10 5
969 200 4000 10 1 "Pairwise" 0.7 100 1
970 200 4000 10 1 "Pairwise" 0.7 100 2
971 200 4000 10 1 "Pairwise" 0.7 100 5
972 200 4000 10 1 "Pairwise" 0.7 10 1
973 200 4000 10 1 "Pairwise" 0.7 10 2
974 200 4000 10 1 "Pairwise" 0.7 10 5
975 200 4000 10 1 "Pairwise" 0.9 100 1
976 200 4000 10 1 "Pairwise" 0.9 100 2
977 200 4000 10 1 "Pairwise" 0.9 100 5
978 200 4000 10 1 "Pairwise" 0.9 10 1
979 200 4000 10 1 "Pairwise" 0.9 10 2
980 200 4000 10 1 "Pairwise" 0.9 10 5
981 200 4000 10 1 "Toeplitz" 0.7 100 2
982 200 4000 10 2 "Independence" 0 0 0
983 200 4000 10 2 "Pairwise" 0.5 100 1
984 200 4000 10 2 "Pairwise" 0.5 100 2
985 200 4000 10 2 "Pairwise" 0.5 100 5
986 200 4000 10 2 "Pairwise" 0.5 10 1
987 200 4000 10 2 "Pairwise" 0.5 10 2
988 200 4000 10 2 "Pairwise" 0.5 10 5
989 200 4000 10 2 "Pairwise" 0.7 100 1
990 200 4000 10 2 "Pairwise" 0.7 100 2
991 200 4000 10 2 "Pairwise" 0.7 100 5
992 200 4000 10 2 "Pairwise" 0.7 10 1
993 200 4000 10 2 "Pairwise" 0.7 10 2
994 200 4000 10 2 "Pairwise" 0.7 10 5
995 200 4000 10 2 "Pairwise" 0.9 100 1
996 200 4000 10 2 "Pairwise" 0.9 100 2
997 200 4000 10 2 "Pairwise" 0.9 100 5
998 200 4000 10 2 "Pairwise" 0.9 10 1
999 200 4000 10 2 "Pairwise" 0.9 10 2
1000 200 4000 10 2 "Pairwise" 0.9 10 5
1001 200 4000 10 2 "Toeplitz" 0.7 100 2
1002 200 4000 10 4 "Independence" 0 0 0
1003 200 4000 10 4 "Pairwise" 0.5 100 1
1004 200 4000 10 4 "Pairwise" 0.5 100 2
1005 200 4000 10 4 "Pairwise" 0.5 100 5
1006 200 4000 10 4 "Pairwise" 0.5 10 1
1007 200 4000 10 4 "Pairwise" 0.5 10 2
1008 200 4000 10 4 "Pairwise" 0.5 10 5
1009 200 4000 10 4 "Pairwise" 0.7 100 1
1010 200 4000 10 4 "Pairwise" 0.7 100 2
1011 200 4000 10 4 "Pairwise" 0.7 100 5
1012 200 4000 10 4 "Pairwise" 0.7 10 1
1013 200 4000 10 4 "Pairwise" 0.7 10 2
1014 200 4000 10 4 "Pairwise" 0.7 10 5
1015 200 4000 10 4 "Pairwise" 0.9 100 1
1016 200 4000 10 4 "Pairwise" 0.9 100 2
1017 200 4000 10 4 "Pairwise" 0.9 100 5
1018 200 4000 10 4 "Pairwise" 0.9 10 1
1019 200 4000 10 4 "Pairwise" 0.9 10 2
1020 200 4000 10 4 "Pairwise" 0.9 10 5
1021 200 4000 10 4 "Toeplitz" 0.7 100 2
1022 200 4000 20 0.5 "Independence" 0 0 0
1023 200 4000 20 1 "Independence" 0 0 0
1024 200 4000 20 1 "Pairwise" 0.5 100 1
1025 200 4000 20 1 "Pairwise" 0.5 100 2
1026 200 4000 20 1 "Pairwise" 0.5 100 5
1027 200 4000 20 1 "Pairwise" 0.5 10 1
1028 200 4000 20 1 "Pairwise" 0.5 10 2
1029 200 4000 20 1 "Pairwise" 0.5 10 5
1030 200 4000 20 1 "Pairwise" 0.7 100 1
1031 200 4000 20 1 "Pairwise" 0.7 100 2
1032 200 4000 20 1 "Pairwise" 0.7 100 5
1033 200 4000 20 1 "Pairwise" 0.7 10 1
1034 200 4000 20 1 "Pairwise" 0.7 10 2
1035 200 4000 20 1 "Pairwise" 0.7 10 5
1036 200 4000 20 1 "Pairwise" 0.9 100 1
1037 200 4000 20 1 "Pairwise" 0.9 100 2
1038 200 4000 20 1 "Pairwise" 0.9 100 5
1039 200 4000 20 1 "Pairwise" 0.9 10 1
1040 200 4000 20 1 "Pairwise" 0.9 10 2
1041 200 4000 20 1 "Pairwise" 0.9 10 5
1042 200 4000 20 1 "Toeplitz" 0.7 100 2
1043 200 4000 20 2 "Independence" 0 0 0
1044 200 4000 20 2 "Pairwise" 0.5 100 1
1045 200 4000 20 2 "Pairwise" 0.5 100 2
1046 200 4000 20 2 "Pairwise" 0.5 100 5
1047 200 4000 20 2 "Pairwise" 0.5 10 1
1048 200 4000 20 2 "Pairwise" 0.5 10 2
1049 200 4000 20 2 "Pairwise" 0.5 10 5
1050 200 4000 20 2 "Pairwise" 0.7 100 1
1051 200 4000 20 2 "Pairwise" 0.7 100 2
1052 200 4000 20 2 "Pairwise" 0.7 100 5
1053 200 4000 20 2 "Pairwise" 0.7 10 1
1054 200 4000 20 2 "Pairwise" 0.7 10 2
1055 200 4000 20 2 "Pairwise" 0.7 10 5
1056 200 4000 20 2 "Pairwise" 0.9 100 1
1057 200 4000 20 2 "Pairwise" 0.9 100 2
1058 200 4000 20 2 "Pairwise" 0.9 100 5
1059 200 4000 20 2 "Pairwise" 0.9 10 1
1060 200 4000 20 2 "Pairwise" 0.9 10 2
1061 200 4000 20 2 "Pairwise" 0.9 10 5
1062 200 4000 20 2 "Toeplitz" 0.7 100 2
1063 200 4000 20 4 "Independence" 0 0 0
1064 200 4000 20 4 "Pairwise" 0.5 100 1
1065 200 4000 20 4 "Pairwise" 0.5 100 2
1066 200 4000 20 4 "Pairwise" 0.5 100 5
1067 200 4000 20 4 "Pairwise" 0.5 10 1
1068 200 4000 20 4 "Pairwise" 0.5 10 2
1069 200 4000 20 4 "Pairwise" 0.5 10 5
1070 200 4000 20 4 "Pairwise" 0.7 100 1
1071 200 4000 20 4 "Pairwise" 0.7 100 2
1072 200 4000 20 4 "Pairwise" 0.7 100 5
1073 200 4000 20 4 "Pairwise" 0.7 10 1
1074 200 4000 20 4 "Pairwise" 0.7 10 2
1075 200 4000 20 4 "Pairwise" 0.7 10 5
1076 200 4000 20 4 "Pairwise" 0.9 100 1
1077 200 4000 20 4 "Pairwise" 0.9 100 2
1078 200 4000 20 4 "Pairwise" 0.9 100 5
1079 200 4000 20 4 "Pairwise" 0.9 10 1
1080 200 4000 20 4 "Pairwise" 0.9 10 2
1081 200 4000 20 4 "Pairwise" 0.9 10 5
1082 200 4000 20 4 "Toeplitz" 0.7 100 2
1083 200 4000 40 0.5 "Independence" 0 0 0
1084 200 4000 40 1 "Independence" 0 0 0
1085 200 4000 40 1 "Pairwise" 0.5 100 1
1086 200 4000 40 1 "Pairwise" 0.5 100 2
1087 200 4000 40 1 "Pairwise" 0.5 100 5
1088 200 4000 40 1 "Pairwise" 0.5 10 1
1089 200 4000 40 1 "Pairwise" 0.5 10 2
1090 200 4000 40 1 "Pairwise" 0.5 10 5
1091 200 4000 40 1 "Pairwise" 0.7 100 1
1092 200 4000 40 1 "Pairwise" 0.7 100 2
1093 200 4000 40 1 "Pairwise" 0.7 100 5
1094 200 4000 40 1 "Pairwise" 0.7 10 1
1095 200 4000 40 1 "Pairwise" 0.7 10 2
1096 200 4000 40 1 "Pairwise" 0.7 10 5
1097 200 4000 40 1 "Pairwise" 0.9 100 1
1098 200 4000 40 1 "Pairwise" 0.9 100 2
1099 200 4000 40 1 "Pairwise" 0.9 100 5
1100 200 4000 40 1 "Pairwise" 0.9 10 1
1101 200 4000 40 1 "Pairwise" 0.9 10 2
1102 200 4000 40 1 "Pairwise" 0.9 10 5
1103 200 4000 40 1 "Toeplitz" 0.7 100 2
1104 200 4000 40 2 "Independence" 0 0 0
1105 200 4000 40 2 "Pairwise" 0.5 100 1
1106 200 4000 40 2 "Pairwise" 0.5 100 2
1107 200 4000 40 2 "Pairwise" 0.5 100 5
1108 200 4000 40 2 "Pairwise" 0.5 10 1
1109 200 4000 40 2 "Pairwise" 0.5 10 2
1110 200 4000 40 2 "Pairwise" 0.5 10 5
1111 200 4000 40 2 "Pairwise" 0.7 100 1
1112 200 4000 40 2 "Pairwise" 0.7 100 2
1113 200 4000 40 2 "Pairwise" 0.7 100 5
1114 200 4000 40 2 "Pairwise" 0.7 10 1
1115 200 4000 40 2 "Pairwise" 0.7 10 2
1116 200 4000 40 2 "Pairwise" 0.7 10 5
1117 200 4000 40 2 "Pairwise" 0.9 100 1
1118 200 4000 40 2 "Pairwise" 0.9 100 2
1119 200 4000 40 2 "Pairwise" 0.9 100 5
1120 200 4000 40 2 "Pairwise" 0.9 10 1
1121 200 4000 40 2 "Pairwise" 0.9 10 2
1122 200 4000 40 2 "Pairwise" 0.9 10 5
1123 200 4000 40 2 "Toeplitz" 0.7 100 2
1124 200 4000 40 4 "Independence" 0 0 0
1125 200 4000 40 4 "Pairwise" 0.5 100 1
1126 200 4000 40 4 "Pairwise" 0.5 100 2
1127 200 4000 40 4 "Pairwise" 0.5 100 5
1128 200 4000 40 4 "Pairwise" 0.5 10 1
1129 200 4000 40 4 "Pairwise" 0.5 10 2
1130 200 4000 40 4 "Pairwise" 0.5 10 5
1131 200 4000 40 4 "Pairwise" 0.7 100 1
1132 200 4000 40 4 "Pairwise" 0.7 100 2
1133 200 4000 40 4 "Pairwise" 0.7 100 5
1134 200 4000 40 4 "Pairwise" 0.7 10 1
1135 200 4000 40 4 "Pairwise" 0.7 10 2
1136 200 4000 40 4 "Pairwise" 0.7 10 5
1137 200 4000 40 4 "Pairwise" 0.9 100 1
1138 200 4000 40 4 "Pairwise" 0.9 100 2
1139 200 4000 40 4 "Pairwise" 0.9 100 5
1140 200 4000 40 4 "Pairwise" 0.9 10 1
1141 200 4000 40 4 "Pairwise" 0.9 10 2
1142 200 4000 40 4 "Pairwise" 0.9 10 5
1143 200 4000 40 4 "Toeplitz" 0.7 100 2
1144 200 500 10 0.5 "Independence" 0 0 0
1145 200 500 10 1 "Independence" 0 0 0
1146 200 500 10 1 "Pairwise" 0.5 100 2
1147 200 500 10 1 "Pairwise" 0.5 100 5
1148 200 500 10 1 "Pairwise" 0.5 10 1
1149 200 500 10 1 "Pairwise" 0.5 10 2
1150 200 500 10 1 "Pairwise" 0.5 10 5
1151 200 500 10 1 "Pairwise" 0.7 100 2
1152 200 500 10 1 "Pairwise" 0.7 100 5
1153 200 500 10 1 "Pairwise" 0.7 10 1
1154 200 500 10 1 "Pairwise" 0.7 10 2
1155 200 500 10 1 "Pairwise" 0.7 10 5
1156 200 500 10 1 "Pairwise" 0.9 100 2
1157 200 500 10 1 "Pairwise" 0.9 100 5
1158 200 500 10 1 "Pairwise" 0.9 10 1
1159 200 500 10 1 "Pairwise" 0.9 10 2
1160 200 500 10 1 "Pairwise" 0.9 10 5
1161 200 500 10 1 "Toeplitz" 0.7 100 2
1162 200 500 10 2 "Independence" 0 0 0
1163 200 500 10 2 "Pairwise" 0.5 100 2
1164 200 500 10 2 "Pairwise" 0.5 100 5
1165 200 500 10 2 "Pairwise" 0.5 10 1
1166 200 500 10 2 "Pairwise" 0.5 10 2
1167 200 500 10 2 "Pairwise" 0.5 10 5
1168 200 500 10 2 "Pairwise" 0.7 100 2
1169 200 500 10 2 "Pairwise" 0.7 100 5
1170 200 500 10 2 "Pairwise" 0.7 10 1
1171 200 500 10 2 "Pairwise" 0.7 10 2
1172 200 500 10 2 "Pairwise" 0.7 10 5
1173 200 500 10 2 "Pairwise" 0.9 100 2
1174 200 500 10 2 "Pairwise" 0.9 100 5
1175 200 500 10 2 "Pairwise" 0.9 10 1
1176 200 500 10 2 "Pairwise" 0.9 10 2
1177 200 500 10 2 "Pairwise" 0.9 10 5
1178 200 500 10 2 "Toeplitz" 0.7 100 2
1179 200 500 10 4 "Independence" 0 0 0
1180 200 500 10 4 "Pairwise" 0.5 100 2
1181 200 500 10 4 "Pairwise" 0.5 100 5
1182 200 500 10 4 "Pairwise" 0.5 10 1
1183 200 500 10 4 "Pairwise" 0.5 10 2
1184 200 500 10 4 "Pairwise" 0.5 10 5
1185 200 500 10 4 "Pairwise" 0.7 100 2
1186 200 500 10 4 "Pairwise" 0.7 100 5
1187 200 500 10 4 "Pairwise" 0.7 10 1
1188 200 500 10 4 "Pairwise" 0.7 10 2
1189 200 500 10 4 "Pairwise" 0.7 10 5
1190 200 500 10 4 "Pairwise" 0.9 100 2
1191 200 500 10 4 "Pairwise" 0.9 100 5
1192 200 500 10 4 "Pairwise" 0.9 10 1
1193 200 500 10 4 "Pairwise" 0.9 10 2
1194 200 500 10 4 "Pairwise" 0.9 10 5
1195 200 500 10 4 "Toeplitz" 0.7 100 2
1196 200 500 20 0.5 "Independence" 0 0 0
1197 200 500 20 1 "Independence" 0 0 0
1198 200 500 20 1 "Pairwise" 0.5 100 5
1199 200 500 20 1 "Pairwise" 0.5 10 1
1200 200 500 20 1 "Pairwise" 0.5 10 2
1201 200 500 20 1 "Pairwise" 0.5 10 5
1202 200 500 20 1 "Pairwise" 0.7 100 5
1203 200 500 20 1 "Pairwise" 0.7 10 1
1204 200 500 20 1 "Pairwise" 0.7 10 2
1205 200 500 20 1 "Pairwise" 0.7 10 5
1206 200 500 20 1 "Pairwise" 0.9 100 5
1207 200 500 20 1 "Pairwise" 0.9 10 1
1208 200 500 20 1 "Pairwise" 0.9 10 2
1209 200 500 20 1 "Pairwise" 0.9 10 5
1210 200 500 20 2 "Independence" 0 0 0
1211 200 500 20 2 "Pairwise" 0.5 100 5
1212 200 500 20 2 "Pairwise" 0.5 10 1
1213 200 500 20 2 "Pairwise" 0.5 10 2
1214 200 500 20 2 "Pairwise" 0.5 10 5
1215 200 500 20 2 "Pairwise" 0.7 100 5
1216 200 500 20 2 "Pairwise" 0.7 10 1
1217 200 500 20 2 "Pairwise" 0.7 10 2
1218 200 500 20 2 "Pairwise" 0.7 10 5
1219 200 500 20 2 "Pairwise" 0.9 100 5
1220 200 500 20 2 "Pairwise" 0.9 10 1
1221 200 500 20 2 "Pairwise" 0.9 10 2
1222 200 500 20 2 "Pairwise" 0.9 10 5
1223 200 500 20 4 "Independence" 0 0 0
1224 200 500 20 4 "Pairwise" 0.5 100 5
1225 200 500 20 4 "Pairwise" 0.5 10 1
1226 200 500 20 4 "Pairwise" 0.5 10 2
1227 200 500 20 4 "Pairwise" 0.5 10 5
1228 200 500 20 4 "Pairwise" 0.7 100 5
1229 200 500 20 4 "Pairwise" 0.7 10 1
1230 200 500 20 4 "Pairwise" 0.7 10 2
1231 200 500 20 4 "Pairwise" 0.7 10 5
1232 200 500 20 4 "Pairwise" 0.9 100 5
1233 200 500 20 4 "Pairwise" 0.9 10 1
1234 200 500 20 4 "Pairwise" 0.9 10 2
1235 200 500 20 4 "Pairwise" 0.9 10 5
1236 200 500 40 0.5 "Independence" 0 0 0
1237 200 500 40 1 "Independence" 0 0 0
1238 200 500 40 1 "Pairwise" 0.5 10 1
1239 200 500 40 1 "Pairwise" 0.5 10 2
1240 200 500 40 1 "Pairwise" 0.5 10 5
1241 200 500 40 1 "Pairwise" 0.7 10 1
1242 200 500 40 1 "Pairwise" 0.7 10 2
1243 200 500 40 1 "Pairwise" 0.7 10 5
1244 200 500 40 1 "Pairwise" 0.9 10 1
1245 200 500 40 1 "Pairwise" 0.9 10 2
1246 200 500 40 1 "Pairwise" 0.9 10 5
1247 200 500 40 2 "Independence" 0 0 0
1248 200 500 40 2 "Pairwise" 0.5 10 1
1249 200 500 40 2 "Pairwise" 0.5 10 2
1250 200 500 40 2 "Pairwise" 0.5 10 5
1251 200 500 40 2 "Pairwise" 0.7 10 1
1252 200 500 40 2 "Pairwise" 0.7 10 2
1253 200 500 40 2 "Pairwise" 0.7 10 5
1254 200 500 40 2 "Pairwise" 0.9 10 1
1255 200 500 40 2 "Pairwise" 0.9 10 2
1256 200 500 40 2 "Pairwise" 0.9 10 5
1257 200 500 40 4 "Independence" 0 0 0
1258 200 500 40 4 "Pairwise" 0.5 10 1
1259 200 500 40 4 "Pairwise" 0.5 10 2
1260 200 500 40 4 "Pairwise" 0.5 10 5
1261 200 500 40 4 "Pairwise" 0.7 10 1
1262 200 500 40 4 "Pairwise" 0.7 10 2
1263 200 500 40 4 "Pairwise" 0.7 10 5
1264 200 500 40 4 "Pairwise" 0.9 10 1
1265 200 500 40 4 "Pairwise" 0.9 10 2
1266 200 500 40 4 "Pairwise" 0.9 10 5
1267 300 1000 10 0.5 "Independence" 0 0 0
1268 300 1000 10 1 "Independence" 0 0 0
1269 300 1000 10 1 "Pairwise" 0.5 100 1
1270 300 1000 10 1 "Pairwise" 0.5 100 2
1271 300 1000 10 1 "Pairwise" 0.5 100 5
1272 300 1000 10 1 "Pairwise" 0.5 10 1
1273 300 1000 10 1 "Pairwise" 0.5 10 2
1274 300 1000 10 1 "Pairwise" 0.5 10 5
1275 300 1000 10 1 "Pairwise" 0.7 100 1
1276 300 1000 10 1 "Pairwise" 0.7 100 2
1277 300 1000 10 1 "Pairwise" 0.7 100 5
1278 300 1000 10 1 "Pairwise" 0.7 10 1
1279 300 1000 10 1 "Pairwise" 0.7 10 2
1280 300 1000 10 1 "Pairwise" 0.7 10 5
1281 300 1000 10 1 "Pairwise" 0.9 100 1
1282 300 1000 10 1 "Pairwise" 0.9 100 2
1283 300 1000 10 1 "Pairwise" 0.9 100 5
1284 300 1000 10 1 "Pairwise" 0.9 10 1
1285 300 1000 10 1 "Pairwise" 0.9 10 2
1286 300 1000 10 1 "Pairwise" 0.9 10 5
1287 300 1000 10 1 "Toeplitz" 0.7 100 2
1288 300 1000 10 2 "Independence" 0 0 0
1289 300 1000 10 2 "Pairwise" 0.5 100 1
1290 300 1000 10 2 "Pairwise" 0.5 100 2
1291 300 1000 10 2 "Pairwise" 0.5 100 5
1292 300 1000 10 2 "Pairwise" 0.5 10 1
1293 300 1000 10 2 "Pairwise" 0.5 10 2
1294 300 1000 10 2 "Pairwise" 0.5 10 5
1295 300 1000 10 2 "Pairwise" 0.7 100 1
1296 300 1000 10 2 "Pairwise" 0.7 100 2
1297 300 1000 10 2 "Pairwise" 0.7 100 5
1298 300 1000 10 2 "Pairwise" 0.7 10 1
1299 300 1000 10 2 "Pairwise" 0.7 10 2
1300 300 1000 10 2 "Pairwise" 0.7 10 5
1301 300 1000 10 2 "Pairwise" 0.9 100 1
1302 300 1000 10 2 "Pairwise" 0.9 100 2
1303 300 1000 10 2 "Pairwise" 0.9 100 5
1304 300 1000 10 2 "Pairwise" 0.9 10 1
1305 300 1000 10 2 "Pairwise" 0.9 10 2
1306 300 1000 10 2 "Pairwise" 0.9 10 5
1307 300 1000 10 2 "Toeplitz" 0.7 100 2
1308 300 1000 10 4 "Independence" 0 0 0
1309 300 1000 10 4 "Pairwise" 0.5 100 1
1310 300 1000 10 4 "Pairwise" 0.5 100 2
1311 300 1000 10 4 "Pairwise" 0.5 100 5
1312 300 1000 10 4 "Pairwise" 0.5 10 1
1313 300 1000 10 4 "Pairwise" 0.5 10 2
1314 300 1000 10 4 "Pairwise" 0.5 10 5
1315 300 1000 10 4 "Pairwise" 0.7 100 1
1316 300 1000 10 4 "Pairwise" 0.7 100 2
1317 300 1000 10 4 "Pairwise" 0.7 100 5
1318 300 1000 10 4 "Pairwise" 0.7 10 1
1319 300 1000 10 4 "Pairwise" 0.7 10 2
1320 300 1000 10 4 "Pairwise" 0.7 10 5
1321 300 1000 10 4 "Pairwise" 0.9 100 1
1322 300 1000 10 4 "Pairwise" 0.9 100 2
1323 300 1000 10 4 "Pairwise" 0.9 100 5
1324 300 1000 10 4 "Pairwise" 0.9 10 1
1325 300 1000 10 4 "Pairwise" 0.9 10 2
1326 300 1000 10 4 "Pairwise" 0.9 10 5
1327 300 1000 10 4 "Toeplitz" 0.7 100 2
1328 300 1000 20 0.5 "Independence" 0 0 0
1329 300 1000 20 1 "Independence" 0 0 0
1330 300 1000 20 1 "Pairwise" 0.5 100 2
1331 300 1000 20 1 "Pairwise" 0.5 100 5
1332 300 1000 20 1 "Pairwise" 0.5 10 1
1333 300 1000 20 1 "Pairwise" 0.5 10 2
1334 300 1000 20 1 "Pairwise" 0.5 10 5
1335 300 1000 20 1 "Pairwise" 0.7 100 2
1336 300 1000 20 1 "Pairwise" 0.7 100 5
1337 300 1000 20 1 "Pairwise" 0.7 10 1
1338 300 1000 20 1 "Pairwise" 0.7 10 2
1339 300 1000 20 1 "Pairwise" 0.7 10 5
1340 300 1000 20 1 "Pairwise" 0.9 100 2
1341 300 1000 20 1 "Pairwise" 0.9 100 5
1342 300 1000 20 1 "Pairwise" 0.9 10 1
1343 300 1000 20 1 "Pairwise" 0.9 10 2
1344 300 1000 20 1 "Pairwise" 0.9 10 5
1345 300 1000 20 1 "Toeplitz" 0.7 100 2
1346 300 1000 20 2 "Independence" 0 0 0
1347 300 1000 20 2 "Pairwise" 0.5 100 2
1348 300 1000 20 2 "Pairwise" 0.5 100 5
1349 300 1000 20 2 "Pairwise" 0.5 10 1
1350 300 1000 20 2 "Pairwise" 0.5 10 2
1351 300 1000 20 2 "Pairwise" 0.5 10 5
1352 300 1000 20 2 "Pairwise" 0.7 100 2
1353 300 1000 20 2 "Pairwise" 0.7 100 5
1354 300 1000 20 2 "Pairwise" 0.7 10 1
1355 300 1000 20 2 "Pairwise" 0.7 10 2
1356 300 1000 20 2 "Pairwise" 0.7 10 5
1357 300 1000 20 2 "Pairwise" 0.9 100 2
1358 300 1000 20 2 "Pairwise" 0.9 100 5
1359 300 1000 20 2 "Pairwise" 0.9 10 1
1360 300 1000 20 2 "Pairwise" 0.9 10 2
1361 300 1000 20 2 "Pairwise" 0.9 10 5
1362 300 1000 20 2 "Toeplitz" 0.7 100 2
1363 300 1000 20 4 "Independence" 0 0 0
1364 300 1000 20 4 "Pairwise" 0.5 100 2
1365 300 1000 20 4 "Pairwise" 0.5 100 5
1366 300 1000 20 4 "Pairwise" 0.5 10 1
1367 300 1000 20 4 "Pairwise" 0.5 10 2
1368 300 1000 20 4 "Pairwise" 0.5 10 5
1369 300 1000 20 4 "Pairwise" 0.7 100 2
1370 300 1000 20 4 "Pairwise" 0.7 100 5
1371 300 1000 20 4 "Pairwise" 0.7 10 1
1372 300 1000 20 4 "Pairwise" 0.7 10 2
1373 300 1000 20 4 "Pairwise" 0.7 10 5
1374 300 1000 20 4 "Pairwise" 0.9 100 2
1375 300 1000 20 4 "Pairwise" 0.9 100 5
1376 300 1000 20 4 "Pairwise" 0.9 10 1
1377 300 1000 20 4 "Pairwise" 0.9 10 2
1378 300 1000 20 4 "Pairwise" 0.9 10 5
1379 300 1000 20 4 "Toeplitz" 0.7 100 2
1380 300 1000 40 0.5 "Independence" 0 0 0
1381 300 1000 40 1 "Independence" 0 0 0
1382 300 1000 40 1 "Pairwise" 0.5 100 5
1383 300 1000 40 1 "Pairwise" 0.5 10 1
1384 300 1000 40 1 "Pairwise" 0.5 10 2
1385 300 1000 40 1 "Pairwise" 0.5 10 5
1386 300 1000 40 1 "Pairwise" 0.7 100 5
1387 300 1000 40 1 "Pairwise" 0.7 10 1
1388 300 1000 40 1 "Pairwise" 0.7 10 2
1389 300 1000 40 1 "Pairwise" 0.7 10 5
1390 300 1000 40 1 "Pairwise" 0.9 100 5
1391 300 1000 40 1 "Pairwise" 0.9 10 1
1392 300 1000 40 1 "Pairwise" 0.9 10 2
1393 300 1000 40 1 "Pairwise" 0.9 10 5
1394 300 1000 40 2 "Independence" 0 0 0
1395 300 1000 40 2 "Pairwise" 0.5 100 5
1396 300 1000 40 2 "Pairwise" 0.5 10 1
1397 300 1000 40 2 "Pairwise" 0.5 10 2
1398 300 1000 40 2 "Pairwise" 0.5 10 5
1399 300 1000 40 2 "Pairwise" 0.7 100 5
1400 300 1000 40 2 "Pairwise" 0.7 10 1
1401 300 1000 40 2 "Pairwise" 0.7 10 2
1402 300 1000 40 2 "Pairwise" 0.7 10 5
1403 300 1000 40 2 "Pairwise" 0.9 100 5
1404 300 1000 40 2 "Pairwise" 0.9 10 1
1405 300 1000 40 2 "Pairwise" 0.9 10 2
1406 300 1000 40 2 "Pairwise" 0.9 10 5
1407 300 1000 40 4 "Independence" 0 0 0
1408 300 1000 40 4 "Pairwise" 0.5 100 5
1409 300 1000 40 4 "Pairwise" 0.5 10 1
1410 300 1000 40 4 "Pairwise" 0.5 10 2
1411 300 1000 40 4 "Pairwise" 0.5 10 5
1412 300 1000 40 4 "Pairwise" 0.7 100 5
1413 300 1000 40 4 "Pairwise" 0.7 10 1
1414 300 1000 40 4 "Pairwise" 0.7 10 2
1415 300 1000 40 4 "Pairwise" 0.7 10 5
1416 300 1000 40 4 "Pairwise" 0.9 100 5
1417 300 1000 40 4 "Pairwise" 0.9 10 1
1418 300 1000 40 4 "Pairwise" 0.9 10 2
1419 300 1000 40 4 "Pairwise" 0.9 10 5
1420 300 2000 10 0.5 "Independence" 0 0 0
1421 300 2000 10 1 "Independence" 0 0 0
1422 300 2000 10 1 "Pairwise" 0.5 100 1
1423 300 2000 10 1 "Pairwise" 0.5 100 2
1424 300 2000 10 1 "Pairwise" 0.5 100 5
1425 300 2000 10 1 "Pairwise" 0.5 10 1
1426 300 2000 10 1 "Pairwise" 0.5 10 2
1427 300 2000 10 1 "Pairwise" 0.5 10 5
1428 300 2000 10 1 "Pairwise" 0.7 100 1
1429 300 2000 10 1 "Pairwise" 0.7 100 2
1430 300 2000 10 1 "Pairwise" 0.7 100 5
1431 300 2000 10 1 "Pairwise" 0.7 10 1
1432 300 2000 10 1 "Pairwise" 0.7 10 2
1433 300 2000 10 1 "Pairwise" 0.7 10 5
1434 300 2000 10 1 "Pairwise" 0.9 100 1
1435 300 2000 10 1 "Pairwise" 0.9 100 2
1436 300 2000 10 1 "Pairwise" 0.9 100 5
1437 300 2000 10 1 "Pairwise" 0.9 10 1
1438 300 2000 10 1 "Pairwise" 0.9 10 2
1439 300 2000 10 1 "Pairwise" 0.9 10 5
1440 300 2000 10 1 "Toeplitz" 0.7 100 2
1441 300 2000 10 2 "Independence" 0 0 0
1442 300 2000 10 2 "Pairwise" 0.5 100 1
1443 300 2000 10 2 "Pairwise" 0.5 100 2
1444 300 2000 10 2 "Pairwise" 0.5 100 5
1445 300 2000 10 2 "Pairwise" 0.5 10 1
1446 300 2000 10 2 "Pairwise" 0.5 10 2
1447 300 2000 10 2 "Pairwise" 0.5 10 5
1448 300 2000 10 2 "Pairwise" 0.7 100 1
1449 300 2000 10 2 "Pairwise" 0.7 100 2
1450 300 2000 10 2 "Pairwise" 0.7 100 5
1451 300 2000 10 2 "Pairwise" 0.7 10 1
1452 300 2000 10 2 "Pairwise" 0.7 10 2
1453 300 2000 10 2 "Pairwise" 0.7 10 5
1454 300 2000 10 2 "Pairwise" 0.9 100 1
1455 300 2000 10 2 "Pairwise" 0.9 100 2
1456 300 2000 10 2 "Pairwise" 0.9 100 5
1457 300 2000 10 2 "Pairwise" 0.9 10 1
1458 300 2000 10 2 "Pairwise" 0.9 10 2
1459 300 2000 10 2 "Pairwise" 0.9 10 5
1460 300 2000 10 2 "Toeplitz" 0.7 100 2
1461 300 2000 10 4 "Independence" 0 0 0
1462 300 2000 10 4 "Pairwise" 0.5 100 1
1463 300 2000 10 4 "Pairwise" 0.5 100 2
1464 300 2000 10 4 "Pairwise" 0.5 100 5
1465 300 2000 10 4 "Pairwise" 0.5 10 1
1466 300 2000 10 4 "Pairwise" 0.5 10 2
1467 300 2000 10 4 "Pairwise" 0.5 10 5
1468 300 2000 10 4 "Pairwise" 0.7 100 1
1469 300 2000 10 4 "Pairwise" 0.7 100 2
1470 300 2000 10 4 "Pairwise" 0.7 100 5
1471 300 2000 10 4 "Pairwise" 0.7 10 1
1472 300 2000 10 4 "Pairwise" 0.7 10 2
1473 300 2000 10 4 "Pairwise" 0.7 10 5
1474 300 2000 10 4 "Pairwise" 0.9 100 1
1475 300 2000 10 4 "Pairwise" 0.9 100 2
1476 300 2000 10 4 "Pairwise" 0.9 100 5
1477 300 2000 10 4 "Pairwise" 0.9 10 1
1478 300 2000 10 4 "Pairwise" 0.9 10 2
1479 300 2000 10 4 "Pairwise" 0.9 10 5
1480 300 2000 10 4 "Toeplitz" 0.7 100 2
1481 300 2000 20 0.5 "Independence" 0 0 0
1482 300 2000 20 1 "Independence" 0 0 0
1483 300 2000 20 1 "Pairwise" 0.5 100 1
1484 300 2000 20 1 "Pairwise" 0.5 100 2
1485 300 2000 20 1 "Pairwise" 0.5 100 5
1486 300 2000 20 1 "Pairwise" 0.5 10 1
1487 300 2000 20 1 "Pairwise" 0.5 10 2
1488 300 2000 20 1 "Pairwise" 0.5 10 5
1489 300 2000 20 1 "Pairwise" 0.7 100 1
1490 300 2000 20 1 "Pairwise" 0.7 100 2
1491 300 2000 20 1 "Pairwise" 0.7 100 5
1492 300 2000 20 1 "Pairwise" 0.7 10 1
1493 300 2000 20 1 "Pairwise" 0.7 10 2
1494 300 2000 20 1 "Pairwise" 0.7 10 5
1495 300 2000 20 1 "Pairwise" 0.9 100 1
1496 300 2000 20 1 "Pairwise" 0.9 100 2
1497 300 2000 20 1 "Pairwise" 0.9 100 5
1498 300 2000 20 1 "Pairwise" 0.9 10 1
1499 300 2000 20 1 "Pairwise" 0.9 10 2
1500 300 2000 20 1 "Pairwise" 0.9 10 5
1501 300 2000 20 1 "Toeplitz" 0.7 100 2
1502 300 2000 20 2 "Independence" 0 0 0
1503 300 2000 20 2 "Pairwise" 0.5 100 1
1504 300 2000 20 2 "Pairwise" 0.5 100 2
1505 300 2000 20 2 "Pairwise" 0.5 100 5
1506 300 2000 20 2 "Pairwise" 0.5 10 1
1507 300 2000 20 2 "Pairwise" 0.5 10 2
1508 300 2000 20 2 "Pairwise" 0.5 10 5
1509 300 2000 20 2 "Pairwise" 0.7 100 1
1510 300 2000 20 2 "Pairwise" 0.7 100 2
1511 300 2000 20 2 "Pairwise" 0.7 100 5
1512 300 2000 20 2 "Pairwise" 0.7 10 1
1513 300 2000 20 2 "Pairwise" 0.7 10 2
1514 300 2000 20 2 "Pairwise" 0.7 10 5
1515 300 2000 20 2 "Pairwise" 0.9 100 1
1516 300 2000 20 2 "Pairwise" 0.9 100 2
1517 300 2000 20 2 "Pairwise" 0.9 100 5
1518 300 2000 20 2 "Pairwise" 0.9 10 1
1519 300 2000 20 2 "Pairwise" 0.9 10 2
1520 300 2000 20 2 "Pairwise" 0.9 10 5
1521 300 2000 20 2 "Toeplitz" 0.7 100 2
1522 300 2000 20 4 "Independence" 0 0 0
1523 300 2000 20 4 "Pairwise" 0.5 100 1
1524 300 2000 20 4 "Pairwise" 0.5 100 2
1525 300 2000 20 4 "Pairwise" 0.5 100 5
1526 300 2000 20 4 "Pairwise" 0.5 10 1
1527 300 2000 20 4 "Pairwise" 0.5 10 2
1528 300 2000 20 4 "Pairwise" 0.5 10 5
1529 300 2000 20 4 "Pairwise" 0.7 100 1
1530 300 2000 20 4 "Pairwise" 0.7 100 2
1531 300 2000 20 4 "Pairwise" 0.7 100 5
1532 300 2000 20 4 "Pairwise" 0.7 10 1
1533 300 2000 20 4 "Pairwise" 0.7 10 2
1534 300 2000 20 4 "Pairwise" 0.7 10 5
1535 300 2000 20 4 "Pairwise" 0.9 100 1
1536 300 2000 20 4 "Pairwise" 0.9 100 2
1537 300 2000 20 4 "Pairwise" 0.9 100 5
1538 300 2000 20 4 "Pairwise" 0.9 10 1
1539 300 2000 20 4 "Pairwise" 0.9 10 2
1540 300 2000 20 4 "Pairwise" 0.9 10 5
1541 300 2000 20 4 "Toeplitz" 0.7 100 2
1542 300 2000 40 0.5 "Independence" 0 0 0
1543 300 2000 40 1 "Independence" 0 0 0
1544 300 2000 40 1 "Pairwise" 0.5 100 2
1545 300 2000 40 1 "Pairwise" 0.5 100 5
1546 300 2000 40 1 "Pairwise" 0.5 10 1
1547 300 2000 40 1 "Pairwise" 0.5 10 2
1548 300 2000 40 1 "Pairwise" 0.5 10 5
1549 300 2000 40 1 "Pairwise" 0.7 100 2
1550 300 2000 40 1 "Pairwise" 0.7 100 5
1551 300 2000 40 1 "Pairwise" 0.7 10 1
1552 300 2000 40 1 "Pairwise" 0.7 10 2
1553 300 2000 40 1 "Pairwise" 0.7 10 5
1554 300 2000 40 1 "Pairwise" 0.9 100 2
1555 300 2000 40 1 "Pairwise" 0.9 100 5
1556 300 2000 40 1 "Pairwise" 0.9 10 1
1557 300 2000 40 1 "Pairwise" 0.9 10 2
1558 300 2000 40 1 "Pairwise" 0.9 10 5
1559 300 2000 40 1 "Toeplitz" 0.7 100 2
1560 300 2000 40 2 "Independence" 0 0 0
1561 300 2000 40 2 "Pairwise" 0.5 100 2
1562 300 2000 40 2 "Pairwise" 0.5 100 5
1563 300 2000 40 2 "Pairwise" 0.5 10 1
1564 300 2000 40 2 "Pairwise" 0.5 10 2
1565 300 2000 40 2 "Pairwise" 0.5 10 5
1566 300 2000 40 2 "Pairwise" 0.7 100 2
1567 300 2000 40 2 "Pairwise" 0.7 100 5
1568 300 2000 40 2 "Pairwise" 0.7 10 1
1569 300 2000 40 2 "Pairwise" 0.7 10 2
1570 300 2000 40 2 "Pairwise" 0.7 10 5
1571 300 2000 40 2 "Pairwise" 0.9 100 2
1572 300 2000 40 2 "Pairwise" 0.9 100 5
1573 300 2000 40 2 "Pairwise" 0.9 10 1
1574 300 2000 40 2 "Pairwise" 0.9 10 2
1575 300 2000 40 2 "Pairwise" 0.9 10 5
1576 300 2000 40 2 "Toeplitz" 0.7 100 2
1577 300 2000 40 4 "Independence" 0 0 0
1578 300 2000 40 4 "Pairwise" 0.5 100 2
1579 300 2000 40 4 "Pairwise" 0.5 100 5
1580 300 2000 40 4 "Pairwise" 0.5 10 1
1581 300 2000 40 4 "Pairwise" 0.5 10 2
1582 300 2000 40 4 "Pairwise" 0.5 10 5
1583 300 2000 40 4 "Pairwise" 0.7 100 2
1584 300 2000 40 4 "Pairwise" 0.7 100 5
1585 300 2000 40 4 "Pairwise" 0.7 10 1
1586 300 2000 40 4 "Pairwise" 0.7 10 2
1587 300 2000 40 4 "Pairwise" 0.7 10 5
1588 300 2000 40 4 "Pairwise" 0.9 100 2
1589 300 2000 40 4 "Pairwise" 0.9 100 5
1590 300 2000 40 4 "Pairwise" 0.9 10 1
1591 300 2000 40 4 "Pairwise" 0.9 10 2
1592 300 2000 40 4 "Pairwise" 0.9 10 5
1593 300 2000 40 4 "Toeplitz" 0.7 100 2
1594 300 4000 10 0.5 "Independence" 0 0 0
1595 300 4000 10 1 "Independence" 0 0 0
1596 300 4000 10 1 "Pairwise" 0.5 100 1
1597 300 4000 10 1 "Pairwise" 0.5 100 2
1598 300 4000 10 1 "Pairwise" 0.5 100 5
1599 300 4000 10 1 "Pairwise" 0.5 10 1
1600 300 4000 10 1 "Pairwise" 0.5 10 2
1601 300 4000 10 1 "Pairwise" 0.5 10 5
1602 300 4000 10 1 "Pairwise" 0.7 100 1
1603 300 4000 10 1 "Pairwise" 0.7 100 2
1604 300 4000 10 1 "Pairwise" 0.7 100 5
1605 300 4000 10 1 "Pairwise" 0.7 10 1
1606 300 4000 10 1 "Pairwise" 0.7 10 2
1607 300 4000 10 1 "Pairwise" 0.7 10 5
1608 300 4000 10 1 "Pairwise" 0.9 100 1
1609 300 4000 10 1 "Pairwise" 0.9 100 2
1610 300 4000 10 1 "Pairwise" 0.9 100 5
1611 300 4000 10 1 "Pairwise" 0.9 10 1
1612 300 4000 10 1 "Pairwise" 0.9 10 2
1613 300 4000 10 1 "Pairwise" 0.9 10 5
1614 300 4000 10 1 "Toeplitz" 0.7 100 2
1615 300 4000 10 2 "Independence" 0 0 0
1616 300 4000 10 2 "Pairwise" 0.5 100 1
1617 300 4000 10 2 "Pairwise" 0.5 100 2
1618 300 4000 10 2 "Pairwise" 0.5 100 5
1619 300 4000 10 2 "Pairwise" 0.5 10 1
1620 300 4000 10 2 "Pairwise" 0.5 10 2
1621 300 4000 10 2 "Pairwise" 0.5 10 5
1622 300 4000 10 2 "Pairwise" 0.7 100 1
1623 300 4000 10 2 "Pairwise" 0.7 100 2
1624 300 4000 10 2 "Pairwise" 0.7 100 5
1625 300 4000 10 2 "Pairwise" 0.7 10 1
1626 300 4000 10 2 "Pairwise" 0.7 10 2
1627 300 4000 10 2 "Pairwise" 0.7 10 5
1628 300 4000 10 2 "Pairwise" 0.9 100 1
1629 300 4000 10 2 "Pairwise" 0.9 100 2
1630 300 4000 10 2 "Pairwise" 0.9 100 5
1631 300 4000 10 2 "Pairwise" 0.9 10 1
1632 300 4000 10 2 "Pairwise" 0.9 10 2
1633 300 4000 10 2 "Pairwise" 0.9 10 5
1634 300 4000 10 2 "Toeplitz" 0.7 100 2
1635 300 4000 10 4 "Independence" 0 0 0
1636 300 4000 10 4 "Pairwise" 0.5 100 1
1637 300 4000 10 4 "Pairwise" 0.5 100 2
1638 300 4000 10 4 "Pairwise" 0.5 100 5
1639 300 4000 10 4 "Pairwise" 0.5 10 1
1640 300 4000 10 4 "Pairwise" 0.5 10 2
1641 300 4000 10 4 "Pairwise" 0.5 10 5
1642 300 4000 10 4 "Pairwise" 0.7 100 1
1643 300 4000 10 4 "Pairwise" 0.7 100 2
1644 300 4000 10 4 "Pairwise" 0.7 100 5
1645 300 4000 10 4 "Pairwise" 0.7 10 1
1646 300 4000 10 4 "Pairwise" 0.7 10 2
1647 300 4000 10 4 "Pairwise" 0.7 10 5
1648 300 4000 10 4 "Pairwise" 0.9 100 1
1649 300 4000 10 4 "Pairwise" 0.9 100 2
1650 300 4000 10 4 "Pairwise" 0.9 100 5
1651 300 4000 10 4 "Pairwise" 0.9 10 1
1652 300 4000 10 4 "Pairwise" 0.9 10 2
1653 300 4000 10 4 "Pairwise" 0.9 10 5
1654 300 4000 10 4 "Toeplitz" 0.7 100 2
1655 300 4000 20 0.5 "Independence" 0 0 0
1656 300 4000 20 1 "Independence" 0 0 0
1657 300 4000 20 1 "Pairwise" 0.5 100 1
1658 300 4000 20 1 "Pairwise" 0.5 100 2
1659 300 4000 20 1 "Pairwise" 0.5 100 5
1660 300 4000 20 1 "Pairwise" 0.5 10 1
1661 300 4000 20 1 "Pairwise" 0.5 10 2
1662 300 4000 20 1 "Pairwise" 0.5 10 5
1663 300 4000 20 1 "Pairwise" 0.7 100 1
1664 300 4000 20 1 "Pairwise" 0.7 100 2
1665 300 4000 20 1 "Pairwise" 0.7 100 5
1666 300 4000 20 1 "Pairwise" 0.7 10 1
1667 300 4000 20 1 "Pairwise" 0.7 10 2
1668 300 4000 20 1 "Pairwise" 0.7 10 5
1669 300 4000 20 1 "Pairwise" 0.9 100 1
1670 300 4000 20 1 "Pairwise" 0.9 100 2
1671 300 4000 20 1 "Pairwise" 0.9 100 5
1672 300 4000 20 1 "Pairwise" 0.9 10 1
1673 300 4000 20 1 "Pairwise" 0.9 10 2
1674 300 4000 20 1 "Pairwise" 0.9 10 5
1675 300 4000 20 1 "Toeplitz" 0.7 100 2
1676 300 4000 20 2 "Independence" 0 0 0
1677 300 4000 20 2 "Pairwise" 0.5 100 1
1678 300 4000 20 2 "Pairwise" 0.5 100 2
1679 300 4000 20 2 "Pairwise" 0.5 100 5
1680 300 4000 20 2 "Pairwise" 0.5 10 1
1681 300 4000 20 2 "Pairwise" 0.5 10 2
1682 300 4000 20 2 "Pairwise" 0.5 10 5
1683 300 4000 20 2 "Pairwise" 0.7 100 1
1684 300 4000 20 2 "Pairwise" 0.7 100 2
1685 300 4000 20 2 "Pairwise" 0.7 100 5
1686 300 4000 20 2 "Pairwise" 0.7 10 1
1687 300 4000 20 2 "Pairwise" 0.7 10 2
1688 300 4000 20 2 "Pairwise" 0.7 10 5
1689 300 4000 20 2 "Pairwise" 0.9 100 1
1690 300 4000 20 2 "Pairwise" 0.9 100 2
1691 300 4000 20 2 "Pairwise" 0.9 100 5
1692 300 4000 20 2 "Pairwise" 0.9 10 1
1693 300 4000 20 2 "Pairwise" 0.9 10 2
1694 300 4000 20 2 "Pairwise" 0.9 10 5
1695 300 4000 20 2 "Toeplitz" 0.7 100 2
1696 300 4000 20 4 "Independence" 0 0 0
1697 300 4000 20 4 "Pairwise" 0.5 100 1
1698 300 4000 20 4 "Pairwise" 0.5 100 2
1699 300 4000 20 4 "Pairwise" 0.5 100 5
1700 300 4000 20 4 "Pairwise" 0.5 10 1
1701 300 4000 20 4 "Pairwise" 0.5 10 2
1702 300 4000 20 4 "Pairwise" 0.5 10 5
1703 300 4000 20 4 "Pairwise" 0.7 100 1
1704 300 4000 20 4 "Pairwise" 0.7 100 2
1705 300 4000 20 4 "Pairwise" 0.7 100 5
1706 300 4000 20 4 "Pairwise" 0.7 10 1
1707 300 4000 20 4 "Pairwise" 0.7 10 2
1708 300 4000 20 4 "Pairwise" 0.7 10 5
1709 300 4000 20 4 "Pairwise" 0.9 100 1
1710 300 4000 20 4 "Pairwise" 0.9 100 2
1711 300 4000 20 4 "Pairwise" 0.9 100 5
1712 300 4000 20 4 "Pairwise" 0.9 10 1
1713 300 4000 20 4 "Pairwise" 0.9 10 2
1714 300 4000 20 4 "Pairwise" 0.9 10 5
1715 300 4000 20 4 "Toeplitz" 0.7 100 2
1716 300 4000 40 0.5 "Independence" 0 0 0
1717 300 4000 40 1 "Independence" 0 0 0
1718 300 4000 40 1 "Pairwise" 0.5 100 1
1719 300 4000 40 1 "Pairwise" 0.5 100 2
1720 300 4000 40 1 "Pairwise" 0.5 100 5
1721 300 4000 40 1 "Pairwise" 0.5 10 1
1722 300 4000 40 1 "Pairwise" 0.5 10 2
1723 300 4000 40 1 "Pairwise" 0.5 10 5
1724 300 4000 40 1 "Pairwise" 0.7 100 1
1725 300 4000 40 1 "Pairwise" 0.7 100 2
1726 300 4000 40 1 "Pairwise" 0.7 100 5
1727 300 4000 40 1 "Pairwise" 0.7 10 1
1728 300 4000 40 1 "Pairwise" 0.7 10 2
1729 300 4000 40 1 "Pairwise" 0.7 10 5
1730 300 4000 40 1 "Pairwise" 0.9 100 1
1731 300 4000 40 1 "Pairwise" 0.9 100 2
1732 300 4000 40 1 "Pairwise" 0.9 100 5
1733 300 4000 40 1 "Pairwise" 0.9 10 1
1734 300 4000 40 1 "Pairwise" 0.9 10 2
1735 300 4000 40 1 "Pairwise" 0.9 10 5
1736 300 4000 40 1 "Toeplitz" 0.7 100 2
1737 300 4000 40 2 "Independence" 0 0 0
1738 300 4000 40 2 "Pairwise" 0.5 100 1
1739 300 4000 40 2 "Pairwise" 0.5 100 2
1740 300 4000 40 2 "Pairwise" 0.5 100 5
1741 300 4000 40 2 "Pairwise" 0.5 10 1
1742 300 4000 40 2 "Pairwise" 0.5 10 2
1743 300 4000 40 2 "Pairwise" 0.5 10 5
1744 300 4000 40 2 "Pairwise" 0.7 100 1
1745 300 4000 40 2 "Pairwise" 0.7 100 2
1746 300 4000 40 2 "Pairwise" 0.7 100 5
1747 300 4000 40 2 "Pairwise" 0.7 10 1
1748 300 4000 40 2 "Pairwise" 0.7 10 2
1749 300 4000 40 2 "Pairwise" 0.7 10 5
1750 300 4000 40 2 "Pairwise" 0.9 100 1
1751 300 4000 40 2 "Pairwise" 0.9 100 2
1752 300 4000 40 2 "Pairwise" 0.9 100 5
1753 300 4000 40 2 "Pairwise" 0.9 10 1
1754 300 4000 40 2 "Pairwise" 0.9 10 2
1755 300 4000 40 2 "Pairwise" 0.9 10 5
1756 300 4000 40 2 "Toeplitz" 0.7 100 2
1757 300 4000 40 4 "Independence" 0 0 0
1758 300 4000 40 4 "Pairwise" 0.5 100 1
1759 300 4000 40 4 "Pairwise" 0.5 100 2
1760 300 4000 40 4 "Pairwise" 0.5 100 5
1761 300 4000 40 4 "Pairwise" 0.5 10 1
1762 300 4000 40 4 "Pairwise" 0.5 10 2
1763 300 4000 40 4 "Pairwise" 0.5 10 5
1764 300 4000 40 4 "Pairwise" 0.7 100 1
1765 300 4000 40 4 "Pairwise" 0.7 100 2
1766 300 4000 40 4 "Pairwise" 0.7 100 5
1767 300 4000 40 4 "Pairwise" 0.7 10 1
1768 300 4000 40 4 "Pairwise" 0.7 10 2
1769 300 4000 40 4 "Pairwise" 0.7 10 5
1770 300 4000 40 4 "Pairwise" 0.9 100 1
1771 300 4000 40 4 "Pairwise" 0.9 100 2
1772 300 4000 40 4 "Pairwise" 0.9 100 5
1773 300 4000 40 4 "Pairwise" 0.9 10 1
1774 300 4000 40 4 "Pairwise" 0.9 10 2
1775 300 4000 40 4 "Pairwise" 0.9 10 5
1776 300 4000 40 4 "Toeplitz" 0.7 100 2
1777 300 500 10 0.5 "Independence" 0 0 0
1778 300 500 10 1 "Independence" 0 0 0
1779 300 500 10 1 "Pairwise" 0.5 100 2
1780 300 500 10 1 "Pairwise" 0.5 100 5
1781 300 500 10 1 "Pairwise" 0.5 10 1
1782 300 500 10 1 "Pairwise" 0.5 10 2
1783 300 500 10 1 "Pairwise" 0.5 10 5
1784 300 500 10 1 "Pairwise" 0.7 100 2
1785 300 500 10 1 "Pairwise" 0.7 100 5
1786 300 500 10 1 "Pairwise" 0.7 10 1
1787 300 500 10 1 "Pairwise" 0.7 10 2
1788 300 500 10 1 "Pairwise" 0.7 10 5
1789 300 500 10 1 "Pairwise" 0.9 100 2
1790 300 500 10 1 "Pairwise" 0.9 100 5
1791 300 500 10 1 "Pairwise" 0.9 10 1
1792 300 500 10 1 "Pairwise" 0.9 10 2
1793 300 500 10 1 "Pairwise" 0.9 10 5
1794 300 500 10 1 "Toeplitz" 0.7 100 2
1795 300 500 10 2 "Independence" 0 0 0
1796 300 500 10 2 "Pairwise" 0.5 100 2
1797 300 500 10 2 "Pairwise" 0.5 100 5
1798 300 500 10 2 "Pairwise" 0.5 10 1
1799 300 500 10 2 "Pairwise" 0.5 10 2
1800 300 500 10 2 "Pairwise" 0.5 10 5
1801 300 500 10 2 "Pairwise" 0.7 100 2
1802 300 500 10 2 "Pairwise" 0.7 100 5
1803 300 500 10 2 "Pairwise" 0.7 10 1
1804 300 500 10 2 "Pairwise" 0.7 10 2
1805 300 500 10 2 "Pairwise" 0.7 10 5
1806 300 500 10 2 "Pairwise" 0.9 100 2
1807 300 500 10 2 "Pairwise" 0.9 100 5
1808 300 500 10 2 "Pairwise" 0.9 10 1
1809 300 500 10 2 "Pairwise" 0.9 10 2
1810 300 500 10 2 "Pairwise" 0.9 10 5
1811 300 500 10 2 "Toeplitz" 0.7 100 2
1812 300 500 10 4 "Independence" 0 0 0
1813 300 500 10 4 "Pairwise" 0.5 100 2
1814 300 500 10 4 "Pairwise" 0.5 100 5
1815 300 500 10 4 "Pairwise" 0.5 10 1
1816 300 500 10 4 "Pairwise" 0.5 10 2
1817 300 500 10 4 "Pairwise" 0.5 10 5
1818 300 500 10 4 "Pairwise" 0.7 100 2
1819 300 500 10 4 "Pairwise" 0.7 100 5
1820 300 500 10 4 "Pairwise" 0.7 10 1
1821 300 500 10 4 "Pairwise" 0.7 10 2
1822 300 500 10 4 "Pairwise" 0.7 10 5
1823 300 500 10 4 "Pairwise" 0.9 100 2
1824 300 500 10 4 "Pairwise" 0.9 100 5
1825 300 500 10 4 "Pairwise" 0.9 10 1
1826 300 500 10 4 "Pairwise" 0.9 10 2
1827 300 500 10 4 "Pairwise" 0.9 10 5
1828 300 500 10 4 "Toeplitz" 0.7 100 2
1829 300 500 20 0.5 "Independence" 0 0 0
1830 300 500 20 1 "Independence" 0 0 0
1831 300 500 20 1 "Pairwise" 0.5 100 5
1832 300 500 20 1 "Pairwise" 0.5 10 1
1833 300 500 20 1 "Pairwise" 0.5 10 2
1834 300 500 20 1 "Pairwise" 0.5 10 5
1835 300 500 20 1 "Pairwise" 0.7 100 5
1836 300 500 20 1 "Pairwise" 0.7 10 1
1837 300 500 20 1 "Pairwise" 0.7 10 2
1838 300 500 20 1 "Pairwise" 0.7 10 5
1839 300 500 20 1 "Pairwise" 0.9 100 5
1840 300 500 20 1 "Pairwise" 0.9 10 1
1841 300 500 20 1 "Pairwise" 0.9 10 2
1842 300 500 20 1 "Pairwise" 0.9 10 5
1843 300 500 20 2 "Independence" 0 0 0
1844 300 500 20 2 "Pairwise" 0.5 100 5
1845 300 500 20 2 "Pairwise" 0.5 10 1
1846 300 500 20 2 "Pairwise" 0.5 10 2
1847 300 500 20 2 "Pairwise" 0.5 10 5
1848 300 500 20 2 "Pairwise" 0.7 100 5
1849 300 500 20 2 "Pairwise" 0.7 10 1
1850 300 500 20 2 "Pairwise" 0.7 10 2
1851 300 500 20 2 "Pairwise" 0.7 10 5
1852 300 500 20 2 "Pairwise" 0.9 100 5
1853 300 500 20 2 "Pairwise" 0.9 10 1
1854 300 500 20 2 "Pairwise" 0.9 10 2
1855 300 500 20 2 "Pairwise" 0.9 10 5
1856 300 500 20 4 "Independence" 0 0 0
1857 300 500 20 4 "Pairwise" 0.5 100 5
1858 300 500 20 4 "Pairwise" 0.5 10 1
1859 300 500 20 4 "Pairwise" 0.5 10 2
1860 300 500 20 4 "Pairwise" 0.5 10 5
1861 300 500 20 4 "Pairwise" 0.7 100 5
1862 300 500 20 4 "Pairwise" 0.7 10 1
1863 300 500 20 4 "Pairwise" 0.7 10 2
1864 300 500 20 4 "Pairwise" 0.7 10 5
1865 300 500 20 4 "Pairwise" 0.9 100 5
1866 300 500 20 4 "Pairwise" 0.9 10 1
1867 300 500 20 4 "Pairwise" 0.9 10 2
1868 300 500 20 4 "Pairwise" 0.9 10 5
1869 300 500 40 0.5 "Independence" 0 0 0
1870 300 500 40 1 "Independence" 0 0 0
1871 300 500 40 1 "Pairwise" 0.5 10 1
1872 300 500 40 1 "Pairwise" 0.5 10 2
1873 300 500 40 1 "Pairwise" 0.5 10 5
1874 300 500 40 1 "Pairwise" 0.7 10 1
1875 300 500 40 1 "Pairwise" 0.7 10 2
1876 300 500 40 1 "Pairwise" 0.7 10 5
1877 300 500 40 1 "Pairwise" 0.9 10 1
1878 300 500 40 1 "Pairwise" 0.9 10 2
1879 300 500 40 1 "Pairwise" 0.9 10 5
1880 300 500 40 2 "Independence" 0 0 0
1881 300 500 40 2 "Pairwise" 0.5 10 1
1882 300 500 40 2 "Pairwise" 0.5 10 2
1883 300 500 40 2 "Pairwise" 0.5 10 5
1884 300 500 40 2 "Pairwise" 0.7 10 1
1885 300 500 40 2 "Pairwise" 0.7 10 2
1886 300 500 40 2 "Pairwise" 0.7 10 5
1887 300 500 40 2 "Pairwise" 0.9 10 1
1888 300 500 40 2 "Pairwise" 0.9 10 2
1889 300 500 40 2 "Pairwise" 0.9 10 5
1890 300 500 40 4 "Independence" 0 0 0
1891 300 500 40 4 "Pairwise" 0.5 10 1
1892 300 500 40 4 "Pairwise" 0.5 10 2
1893 300 500 40 4 "Pairwise" 0.5 10 5
1894 300 500 40 4 "Pairwise" 0.7 10 1
1895 300 500 40 4 "Pairwise" 0.7 10 2
1896 300 500 40 4 "Pairwise" 0.7 10 5
1897 300 500 40 4 "Pairwise" 0.9 10 1
1898 300 500 40 4 "Pairwise" 0.9 10 2
1899 300 500 40 4 "Pairwise" 0.9 10 5
